Donor_ID A[C>A]A A[C>A]C A[C>A]G A[C>A]T C[C>A]A C[C>A]C C[C>A]G C[C>A]T G[C>A]A G[C>A]C G[C>A]G G[C>A]T T[C>A]A T[C>A]C T[C>A]G T[C>A]T A[C>G]A A[C>G]C A[C>G]G A[C>G]T C[C>G]A C[C>G]C C[C>G]G C[C>G]T G[C>G]A G[C>G]C G[C>G]G G[C>G]T T[C>G]A T[C>G]C T[C>G]G T[C>G]T A[C>T]A A[C>T]C A[C>T]G A[C>T]T C[C>T]A C[C>T]C C[C>T]G C[C>T]T G[C>T]A G[C>T]C G[C>T]G G[C>T]T T[C>T]A T[C>T]C T[C>T]G T[C>T]T A[T>A]A A[T>A]C A[T>A]G A[T>A]T C[T>A]A C[T>A]C C[T>A]G C[T>A]T G[T>A]A G[T>A]C G[T>A]G G[T>A]T T[T>A]A T[T>A]C T[T>A]G T[T>A]T A[T>C]A A[T>C]C A[T>C]G A[T>C]T C[T>C]A C[T>C]C C[T>C]G C[T>C]T G[T>C]A G[T>C]C G[T>C]G G[T>C]T T[T>C]A T[T>C]C T[T>C]G T[T>C]T A[T>G]A A[T>G]C A[T>G]G A[T>G]T C[T>G]A C[T>G]C C[T>G]G C[T>G]T G[T>G]A G[T>G]C G[T>G]G G[T>G]T T[T>G]A T[T>G]C T[T>G]G T[T>G]T
PD10010 34 22 8 21 30 24 7 19 28 20 11 21 37 38 12 43 33 4 16 23 12 17 18 25 6 10 8 11 51 32 11 78 46 26 92 37 42 31 50 41 37 31 74 24 58 51 43 65 21 14 16 29 12 7 16 16 6 5 6 12 36 13 3 33 47 19 27 35 13 15 18 29 19 9 14 19 18 13 10 23 8 5 9 20 6 8 5 13 6 1 7 10 17 9 11 31
PD10014 218 221 35 216 217 219 31 226 137 120 23 149 185 176 17 239 149 66 25 171 100 100 40 139 59 63 25 112 185 147 32 297 220 82 166 170 124 119 131 186 129 92 161 152 177 142 86 173 96 82 116 162 111 128 136 205 58 63 80 115 116 84 70 206 246 115 155 198 91 132 100 124 105 72 91 127 136 110 71 136 67 26 80 56 45 52 63 100 31 17 58 71 66 49 70 151
PD11336 75 53 13 52 85 53 17 56 77 41 18 58 91 86 12 142 37 27 9 35 23 22 15 29 17 21 3 17 48 42 3 115 89 47 243 58 96 74 135 98 106 69 172 66 283 162 107 220 31 34 49 59 18 30 19 41 14 24 17 21 50 17 18 63 52 25 39 85 22 26 37 73 23 19 26 28 39 23 24 47 21 4 16 53 12 10 16 131 4 5 8 35 11 15 20 126
PD11337 49 37 3 32 38 26 10 25 43 27 6 38 67 47 8 77 12 9 4 19 11 13 4 21 14 6 2 10 66 28 5 115 29 25 126 31 28 32 77 46 34 27 90 26 139 69 75 88 15 25 19 43 20 15 11 12 11 8 13 6 45 14 4 24 54 11 26 41 15 13 20 16 20 13 16 16 29 22 15 33 35 9 12 12 7 8 8 8 8 5 4 3 19 5 8 25
PD11338 33 36 4 24 18 17 4 16 13 30 3 19 41 32 2 52 12 7 6 8 14 9 6 12 9 7 10 12 10 15 2 13 50 25 122 37 49 46 90 30 48 30 106 35 33 46 43 58 13 21 15 26 5 9 11 13 10 10 15 6 23 15 7 16 45 11 31 42 13 11 24 22 22 19 15 23 25 18 15 22 8 5 5 9 2 8 10 9 2 4 4 2 7 11 7 27
PD11339 27 32 5 21 11 21 6 16 29 17 4 19 35 36 4 41 14 13 3 13 9 13 3 13 7 5 2 7 17 20 1 37 49 37 192 34 54 30 92 38 50 41 119 31 49 54 59 46 21 26 21 42 10 11 11 8 3 7 9 5 29 17 5 29 58 20 38 44 17 9 14 16 21 11 16 25 31 15 17 30 5 4 6 12 2 8 2 12 2 3 1 5 11 6 9 25
PD11340 61 47 10 43 79 48 21 51 59 30 10 47 88 70 13 127 33 22 4 33 19 21 9 27 11 15 2 15 69 42 10 135 71 65 166 53 85 73 114 104 73 71 134 65 198 159 106 182 28 20 31 53 16 27 15 32 6 11 10 23 83 27 18 44 60 25 46 67 18 31 26 37 37 24 28 26 42 36 22 55 20 11 12 24 10 12 16 35 2 7 9 11 31 9 27 46
PD11342 28 31 3 18 24 22 5 21 29 13 5 21 51 43 10 57 18 15 1 21 13 11 6 17 10 14 1 3 107 35 11 153 48 20 113 32 60 38 76 58 50 44 87 27 367 108 100 184 18 18 21 29 7 16 15 13 10 6 7 9 29 18 9 28 50 13 28 52 20 10 17 19 22 10 17 14 14 16 15 30 6 6 8 8 4 5 9 7 3 3 5 6 8 7 7 18
PD11343 55 43 6 27 33 38 3 32 34 20 5 22 58 62 8 66 28 21 4 21 12 20 7 14 9 17 2 16 35 24 3 60 59 32 135 30 47 38 86 61 57 36 109 36 93 54 67 51 29 21 25 38 16 11 27 16 13 8 11 19 31 17 9 28 47 20 28 47 21 15 22 27 21 15 14 23 36 31 14 42 12 7 15 5 5 8 11 9 7 3 10 9 8 10 13 24
PD11352 26 36 3 20 24 21 3 20 23 14 2 12 22 21 11 24 12 9 1 17 11 5 6 11 1 10 2 8 10 13 1 32 55 37 142 33 53 49 77 65 38 29 85 32 177 67 75 122 21 14 16 21 3 5 10 10 5 6 5 4 25 6 5 22 41 11 30 45 25 12 31 25 18 14 13 31 23 17 13 33 5 7 8 16 4 5 9 11 5 6 5 2 4 13 11 19
PD11355 36 29 12 26 31 16 3 22 45 10 5 25 41 38 3 69 12 8 3 6 8 6 1 11 2 5 2 3 8 8 3 23 30 15 84 19 27 19 56 29 26 29 55 16 41 34 40 33 12 12 16 25 3 8 12 7 6 5 4 8 20 10 4 9 30 10 18 35 5 10 13 15 19 12 18 13 12 14 21 13 5 3 4 9 1 3 5 7 2 1 2 7 3 4 7 9
PD11357 31 38 9 34 33 18 12 25 38 20 10 22 35 49 13 56 21 15 1 14 9 15 5 8 10 15 4 12 19 14 1 37 53 39 208 46 45 37 109 56 61 63 180 34 74 49 79 43 40 28 33 36 15 19 18 17 16 15 20 13 39 14 8 45 73 22 60 82 20 16 16 18 33 25 33 39 42 25 20 40 12 7 12 14 4 10 14 19 3 3 3 7 13 10 14 32
PD11358 59 39 9 34 30 23 3 23 44 25 6 30 42 51 8 57 14 13 4 14 12 9 8 15 6 8 2 10 79 23 7 88 69 40 134 35 73 53 89 65 67 67 127 70 559 172 151 339 19 37 20 30 11 13 8 12 10 8 11 14 26 9 11 28 68 18 37 65 23 15 21 17 23 23 16 43 40 21 17 29 15 7 11 15 8 6 6 10 5 3 6 7 8 11 11 23
PD11359 36 31 3 23 26 28 5 9 28 13 9 28 37 50 10 53 19 14 3 12 9 17 3 16 4 9 2 4 24 21 3 44 36 35 142 28 37 33 64 38 38 38 98 45 94 49 62 49 21 22 24 29 16 19 11 12 9 7 9 21 29 14 8 25 63 17 39 55 19 22 27 27 16 11 15 33 28 13 24 27 10 8 7 15 1 10 3 18 1 4 5 8 11 11 18 23
PD11360 35 36 4 26 33 26 5 36 34 19 6 31 50 31 12 82 18 11 6 18 14 10 4 22 8 16 2 10 21 19 7 33 44 28 159 43 53 41 106 44 48 50 133 36 72 56 69 61 22 13 22 42 5 21 18 8 6 10 10 13 55 10 7 38 52 23 39 50 18 8 31 18 30 21 13 30 41 33 19 30 16 6 3 11 10 7 16 15 2 3 3 12 12 10 14 20
PD11361 29 19 3 17 21 13 3 18 28 15 3 14 27 17 7 31 8 6 0 9 3 7 4 7 6 8 1 5 8 11 2 24 24 18 113 15 21 28 62 26 26 28 80 20 54 37 69 37 14 18 19 22 1 6 10 8 4 10 2 8 21 14 3 19 36 9 26 26 10 10 6 8 18 3 9 11 8 13 4 27 3 5 2 12 8 11 4 5 1 1 4 2 8 4 5 18
PD11364 29 18 5 15 14 22 7 18 26 13 3 22 33 24 8 47 5 13 3 12 6 13 5 13 6 4 4 9 37 19 4 53 37 21 123 20 34 31 65 41 28 32 95 30 57 47 66 51 16 25 19 26 7 17 20 17 5 9 13 9 17 3 10 26 50 18 30 51 21 13 10 19 17 8 26 11 31 8 17 29 16 4 5 9 8 5 6 16 2 3 1 9 10 4 8 18
PD11365 74 73 9 73 69 72 32 146 42 47 9 55 60 57 13 174 32 24 3 54 18 19 10 26 15 30 7 29 35 28 8 74 78 60 208 88 81 105 143 108 91 167 313 105 122 155 99 157 118 73 57 357 30 50 58 49 46 44 51 52 266 30 39 140 603 209 534 357 377 183 544 387 641 218 424 396 547 329 335 510 74 67 53 136 30 122 114 160 32 23 20 86 36 48 75 206
PD11366 36 37 5 27 25 16 7 11 44 31 16 27 44 69 13 60 14 6 3 16 12 11 7 15 7 9 4 8 10 21 2 32 54 33 122 40 63 57 90 61 46 50 102 42 92 67 72 84 18 23 23 44 11 10 18 13 4 15 9 13 46 18 12 28 48 25 39 57 17 21 24 17 34 16 25 39 41 19 21 32 8 11 6 18 7 11 9 17 4 3 2 3 17 10 17 29
PD11367 139 139 19 112 137 120 15 110 86 92 13 81 118 144 16 140 82 67 17 93 61 65 16 95 47 42 8 68 100 75 3 206 143 66 230 114 127 98 137 139 123 99 200 100 157 121 83 128 57 64 65 106 69 75 84 132 28 31 66 72 86 46 41 114 132 51 105 156 61 67 72 86 66 31 46 80 73 44 47 85 29 22 35 41 22 25 53 47 15 17 25 23 37 28 48 89
PD11368 86 72 15 53 70 45 10 54 77 48 20 48 141 113 24 155 28 20 4 36 23 17 8 28 4 10 7 19 191 52 17 262 87 63 248 52 97 63 141 98 83 71 200 73 725 270 217 470 63 28 27 81 13 31 21 20 18 15 20 16 106 21 15 56 88 33 47 82 26 21 25 45 49 29 31 57 61 42 33 70 29 14 11 22 4 14 11 36 8 8 6 16 27 15 29 43
PD11369 64 68 13 41 54 58 13 58 59 42 4 37 124 79 13 132 20 25 5 27 25 21 11 26 15 26 2 13 153 70 7 220 93 38 314 70 108 69 174 84 83 67 198 63 374 178 192 252 71 38 33 54 16 18 26 23 12 8 20 15 78 22 19 54 87 25 44 77 19 27 23 30 58 36 29 55 49 43 22 53 38 17 7 20 16 13 12 22 11 13 7 12 30 16 15 52
PD11372 38 41 8 37 52 26 11 36 29 24 6 21 481 214 34 319 44 21 9 54 47 13 11 59 16 13 6 32 1783 397 58 2609 83 40 127 36 120 44 105 92 90 58 118 43 2389 441 248 1075 16 26 34 43 14 11 22 15 10 12 12 11 43 18 14 28 53 23 31 40 16 11 21 23 30 22 24 33 27 27 19 36 12 5 12 11 4 12 13 19 3 7 6 9 11 9 11 29
PD11374 34 20 4 17 18 19 7 16 19 13 8 12 22 25 6 49 19 14 5 17 7 14 7 10 4 11 1 3 25 18 7 38 54 42 110 36 49 34 67 46 42 47 98 29 54 50 48 43 14 22 23 40 8 11 11 14 12 7 12 11 34 12 9 21 37 13 31 44 18 14 14 21 24 11 9 23 27 15 11 34 9 5 6 10 7 8 9 8 4 2 4 8 7 7 10 22
PD11375 33 18 3 15 23 18 5 21 23 17 9 22 30 44 10 38 8 5 1 8 6 8 6 5 4 6 1 7 3 6 2 11 21 22 121 24 35 22 66 28 36 28 119 26 44 32 46 30 18 20 12 24 4 10 6 2 5 7 7 9 45 14 4 24 35 17 21 29 10 9 11 10 17 18 13 20 23 9 12 16 3 6 5 10 5 1 3 6 1 2 6 4 3 7 7 16
PD11376 36 46 5 28 28 33 10 36 57 19 9 25 54 45 9 72 18 14 5 12 11 12 2 12 6 6 1 8 16 21 1 35 53 48 177 31 53 66 108 62 45 51 142 51 98 76 77 75 20 26 18 58 6 12 6 9 10 11 11 10 49 10 7 27 62 24 34 58 12 20 30 14 14 14 15 26 39 31 25 30 10 4 4 9 2 9 5 9 4 2 6 8 10 9 8 15
PD11379 107 91 9 76 111 101 24 101 83 64 16 73 492 307 51 393 49 48 8 80 77 36 12 101 29 32 6 58 2346 575 73 3330 130 54 138 68 167 79 108 113 130 70 86 69 3676 706 351 1544 50 36 30 75 39 46 36 60 15 25 31 22 56 39 24 75 70 28 54 88 27 32 35 50 45 39 33 50 66 35 25 49 26 16 26 22 16 20 23 37 14 9 15 17 21 21 27 43
PD11380 35 29 6 15 14 13 2 13 26 24 6 15 41 51 7 57 16 16 2 14 5 6 9 17 6 4 0 10 25 16 6 40 42 38 133 26 59 50 95 48 64 52 96 38 108 63 61 109 15 25 17 20 7 8 9 12 8 14 12 9 24 10 8 12 51 17 34 45 13 10 14 21 24 11 14 27 32 18 25 41 15 4 8 11 2 5 11 11 2 5 8 7 17 6 9 37
PD11381 27 33 6 16 17 20 10 19 31 13 8 19 19 24 10 38 11 7 5 14 7 9 4 12 6 8 2 9 6 11 2 22 42 22 86 22 46 32 64 50 28 39 52 37 55 52 37 53 16 25 18 21 6 7 11 9 7 8 12 7 19 8 6 16 50 15 38 37 13 9 13 10 28 13 15 28 21 15 21 32 9 5 5 9 2 6 7 15 3 5 2 3 12 6 3 23
PD11384 18 18 2 13 11 9 4 7 22 7 2 10 22 21 3 34 8 7 7 11 12 6 2 10 4 8 1 7 31 10 3 50 39 17 78 24 37 23 56 26 27 17 68 25 83 52 60 51 7 13 9 23 3 8 7 6 3 6 0 5 14 4 9 20 39 10 19 37 13 10 7 15 18 8 11 17 11 17 7 12 7 2 5 5 2 3 3 12 2 1 3 6 8 5 5 20
PD11385 36 23 3 17 17 15 1 20 24 17 2 10 14 24 2 27 7 7 9 13 8 4 4 14 4 5 0 11 15 11 2 24 28 23 91 23 31 42 60 45 24 38 54 27 47 40 49 42 20 22 25 25 3 13 15 12 7 7 7 6 16 13 5 16 31 12 29 34 9 3 21 13 18 11 8 25 16 8 12 25 4 4 8 10 1 5 3 12 1 1 4 3 6 5 6 14
PD11386 25 43 7 26 25 21 5 25 18 22 5 23 52 44 11 56 26 10 9 21 16 14 6 15 9 20 3 12 67 23 8 97 70 34 136 54 55 44 79 55 48 43 117 41 242 115 110 172 31 21 21 28 7 11 17 15 13 7 12 6 36 18 6 32 58 15 34 40 13 17 21 17 43 13 14 21 22 13 16 37 17 8 8 8 4 6 10 12 5 4 9 10 13 11 11 15
PD11388 66 79 11 54 61 40 4 47 72 49 8 44 93 79 10 116 26 36 4 30 22 16 6 36 13 12 1 24 70 53 7 119 88 48 268 54 83 75 130 69 112 79 154 64 140 137 112 128 44 41 40 80 23 26 15 42 11 14 24 22 51 29 12 43 74 27 46 65 27 18 22 29 36 23 18 39 46 29 19 48 33 13 14 18 7 17 13 23 10 4 17 12 15 13 20 37
PD11389 27 31 5 18 23 9 2 7 17 15 5 16 28 19 7 24 7 14 2 8 8 3 3 8 1 7 1 4 4 8 3 20 50 20 68 26 33 35 50 27 30 21 65 28 27 34 34 25 14 19 12 18 10 12 9 13 2 5 9 9 16 12 2 16 43 11 25 37 13 10 13 24 14 8 17 25 16 11 8 24 7 5 9 8 6 6 2 10 3 3 0 5 2 5 5 13
PD11394 31 34 3 14 24 15 1 9 35 12 4 18 28 23 6 27 8 10 3 10 2 9 5 11 3 9 0 8 12 9 4 24 42 16 200 24 37 43 131 36 32 20 143 31 39 49 75 39 17 13 13 24 3 15 11 12 6 10 5 14 18 11 3 18 36 13 22 42 12 10 15 16 10 10 9 19 22 11 13 19 5 3 7 4 1 8 7 9 3 2 4 4 5 10 7 11
PD11395 58 41 8 37 50 32 7 41 59 34 9 48 61 61 12 78 18 21 3 23 12 18 3 25 4 11 4 13 28 20 5 41 48 53 183 35 59 55 92 47 58 43 136 45 94 85 73 62 23 26 21 57 16 26 15 25 8 12 12 20 44 18 11 57 59 23 58 54 28 25 28 34 26 15 23 26 36 18 24 39 4 11 9 25 8 11 16 87 7 4 5 34 7 9 24 64
PD11396 42 34 10 31 29 20 4 22 41 12 3 19 44 26 5 59 12 9 4 12 13 9 5 13 2 3 1 6 23 10 7 35 43 36 114 37 38 41 81 49 42 37 101 38 66 51 63 46 28 15 19 36 11 13 13 25 5 5 9 10 31 11 6 22 53 18 34 55 18 15 21 23 24 16 7 26 26 22 15 24 6 4 4 14 4 6 6 10 3 3 6 8 8 6 9 18
PD11397 88 64 12 51 86 33 12 58 96 45 7 74 90 89 13 154 27 25 4 22 15 24 4 22 10 16 1 16 74 41 7 148 50 45 241 49 73 70 131 72 79 60 150 58 176 104 96 132 33 36 36 49 21 33 22 30 20 17 15 27 45 22 16 39 79 26 38 72 29 27 31 29 33 25 26 33 22 18 23 30 11 7 11 17 9 6 14 21 3 4 8 18 13 10 14 42
PD11398 27 33 2 27 25 17 3 18 18 17 8 19 33 25 5 54 22 18 6 17 11 11 6 26 11 15 0 13 25 17 3 40 31 32 111 30 21 27 78 30 25 32 75 27 44 42 44 36 33 24 19 42 16 18 17 20 4 8 11 12 28 15 9 25 38 14 19 40 18 20 14 18 23 10 10 19 24 14 10 22 12 10 7 21 7 7 10 13 4 2 5 7 17 10 7 20
PD11399 44 29 9 21 39 30 9 37 37 24 8 33 58 46 10 86 17 15 5 22 12 10 8 13 9 11 0 8 34 18 7 55 51 30 192 43 53 61 135 57 43 50 155 39 130 89 92 91 23 35 31 47 14 12 16 13 5 10 9 12 36 12 9 31 59 19 38 51 25 20 20 11 34 19 14 32 38 27 10 46 12 4 6 9 9 11 8 15 4 6 7 4 11 3 6 20
PD11402 30 26 5 25 23 13 6 19 29 26 4 19 36 39 7 40 15 16 1 18 11 16 8 18 9 8 4 3 22 15 9 34 45 29 157 36 44 43 83 55 63 52 86 37 80 53 57 67 26 25 25 28 11 6 15 9 7 6 11 8 32 12 18 28 71 18 47 45 12 9 23 20 32 19 20 24 33 19 25 43 9 6 11 10 3 4 3 8 6 5 2 8 8 10 10 26
PD11740 31 28 8 12 21 21 11 21 25 20 3 26 32 30 6 48 10 7 2 11 14 9 1 13 5 9 2 12 14 5 1 26 43 30 128 34 38 43 79 32 34 40 81 30 46 56 54 53 16 21 23 37 6 12 12 8 12 14 15 12 47 12 9 23 52 10 27 49 18 13 29 16 23 16 10 28 25 22 13 29 7 5 6 12 1 5 8 10 12 1 0 4 6 2 7 22
PD11741 49 29 9 22 39 18 4 22 46 13 5 38 58 29 7 70 2 9 4 10 7 9 4 12 8 5 0 4 38 18 6 52 28 15 83 14 23 16 51 28 19 18 79 9 72 37 41 50 19 20 16 23 2 7 11 9 8 4 6 9 37 8 4 35 28 7 15 22 12 7 12 12 10 5 12 11 12 13 12 17 10 2 4 8 0 8 3 9 3 3 0 11 11 3 7 16
PD11751 240 192 36 198 222 216 27 217 119 135 17 131 279 279 31 277 237 133 67 238 187 154 56 257 111 117 24 199 595 422 44 974 231 137 245 174 247 142 179 255 227 136 187 133 510 313 130 415 98 84 121 163 111 155 158 201 57 68 91 102 136 107 59 211 240 110 156 248 115 150 112 156 111 71 78 110 153 130 76 169 87 37 89 97 51 73 124 148 40 18 68 78 106 70 94 207
PD11752 125 88 14 84 130 73 26 108 145 66 17 120 122 123 23 255 69 50 17 67 37 28 23 45 23 27 4 25 67 64 21 113 162 96 418 116 105 79 266 111 102 109 348 90 128 141 178 132 52 38 46 103 26 38 40 53 15 24 17 26 86 34 27 77 111 57 95 163 53 53 63 67 71 52 45 83 73 60 42 91 25 11 37 31 12 19 39 47 8 8 15 31 30 16 34 74
PD11762 19 22 3 11 17 9 5 14 14 8 4 9 35 28 9 33 8 10 0 10 4 6 6 6 6 10 0 5 16 8 5 32 35 26 69 24 28 25 55 31 26 19 51 26 75 37 40 60 11 10 12 25 3 6 5 4 7 7 3 9 22 8 5 17 26 18 16 31 6 8 17 13 18 7 11 18 16 11 16 19 5 2 3 5 3 6 3 10 1 1 1 3 3 4 7 20
PD11816 49 39 6 41 35 32 3 24 54 20 10 27 67 50 12 80 16 10 2 25 20 13 5 24 17 17 1 13 188 45 12 275 53 31 110 28 51 60 61 79 52 54 90 47 298 117 82 163 28 32 29 44 6 21 13 16 14 7 8 19 30 18 13 27 63 22 38 76 19 5 20 27 23 20 14 33 39 24 30 34 11 6 13 13 5 11 10 9 4 2 4 12 17 11 11 31
PD11818 22 24 7 13 13 18 6 13 18 18 5 8 24 22 4 31 8 6 6 11 8 5 5 8 6 5 1 8 14 12 4 33 34 17 87 20 28 32 39 29 24 26 47 39 40 46 37 22 15 10 13 19 6 12 6 8 3 6 3 7 14 10 5 19 40 9 24 23 9 4 8 17 12 6 12 14 22 10 9 20 4 4 6 4 6 12 8 11 2 1 4 2 7 5 10 12
PD11819 25 12 3 20 21 15 4 13 18 12 5 6 20 23 2 17 20 15 3 17 13 8 2 12 7 10 1 3 13 9 1 22 44 20 99 25 23 18 42 32 30 12 52 26 26 28 29 21 13 14 9 29 4 12 10 11 9 7 12 4 37 7 4 21 42 11 27 32 18 6 13 18 16 2 11 17 16 17 10 27 9 5 11 10 7 10 5 11 1 6 3 5 8 5 4 21
PD13296 277 255 45 245 274 243 57 250 151 156 32 155 256 241 27 290 241 135 92 260 198 155 67 284 120 115 45 199 555 311 50 929 250 128 286 253 208 171 190 264 171 156 215 181 417 270 143 334 114 81 131 203 96 193 174 255 77 87 91 166 204 109 85 248 219 108 179 217 129 148 130 209 99 70 86 137 136 117 77 162 68 31 109 100 52 88 133 207 39 34 67 89 108 66 99 193
PD13297 116 103 20 97 110 102 23 119 76 87 8 69 135 111 16 130 165 89 46 161 122 127 33 163 69 62 14 114 254 204 17 487 593 503 183 199 630 586 150 315 443 444 142 174 777 846 145 424 70 38 59 88 43 60 72 92 38 30 47 54 73 63 34 92 166 80 85 98 99 114 91 115 90 57 71 79 176 87 55 99 52 21 60 82 41 57 69 82 33 17 30 48 78 41 76 167
PD13298 134 92 18 94 100 89 18 77 120 68 17 103 148 143 21 186 76 47 22 83 52 44 40 81 36 30 11 50 191 98 26 324 152 91 256 85 95 75 167 106 106 106 191 85 189 157 116 185 58 28 60 110 37 42 34 55 30 20 42 44 98 39 27 97 136 51 96 121 42 54 41 55 70 31 28 69 77 37 41 76 27 28 30 46 26 19 33 47 23 12 19 34 59 27 33 87
PD13299 101 87 18 66 102 94 21 93 60 60 15 65 205 152 25 179 87 59 35 113 92 61 26 130 39 43 16 62 1076 345 58 1305 109 50 104 94 96 55 81 102 69 69 87 75 823 234 90 335 45 31 51 71 39 54 74 88 32 36 49 48 61 46 34 95 104 49 82 100 44 63 53 65 53 23 30 58 45 38 39 73 18 10 32 29 31 27 48 62 24 8 32 25 37 28 32 87
PD13302 65 56 7 44 50 36 9 58 58 32 8 44 78 54 13 108 23 24 6 24 8 23 9 24 9 12 1 17 28 18 6 55 90 42 250 50 68 70 164 91 66 57 183 64 147 105 128 120 50 43 28 71 14 29 23 24 8 19 22 14 90 24 14 52 116 26 46 74 39 27 40 36 58 30 35 64 58 32 40 84 17 11 14 17 14 19 12 21 7 5 10 14 19 9 19 47
PD13304 23 19 4 13 21 8 2 14 13 7 5 7 20 27 8 28 7 6 3 10 3 6 1 14 5 2 1 2 10 6 2 11 23 19 102 14 24 19 61 32 23 29 74 18 24 22 36 40 7 11 15 22 5 4 4 6 2 5 7 4 28 5 4 18 21 5 19 22 6 4 8 15 14 8 10 8 12 11 13 16 5 4 5 13 3 7 5 6 2 3 1 9 8 4 6 14
PD13306 27 25 3 20 19 14 5 15 15 9 0 14 25 37 6 37 4 6 3 10 9 10 4 15 9 4 3 5 11 14 3 29 36 24 93 21 19 30 50 32 35 32 57 32 147 72 62 98 4 16 14 26 5 8 13 11 6 6 4 16 20 4 7 18 33 13 20 31 9 13 15 8 13 12 13 21 9 11 10 21 9 3 7 7 4 6 7 7 2 2 3 10 4 2 4 18
PD13307 50 44 3 35 27 27 4 28 38 24 9 30 102 56 15 79 16 10 5 15 17 11 4 16 12 9 1 12 222 76 15 425 52 34 137 36 55 43 104 57 39 39 115 40 724 204 175 416 24 20 23 36 11 16 18 19 7 6 17 12 24 12 6 16 52 13 17 51 23 14 24 18 28 11 11 33 34 16 14 32 12 3 11 16 9 6 9 23 6 5 3 8 13 6 11 28
PD13310 25 23 6 14 17 11 8 16 15 12 5 11 20 25 5 23 8 6 1 9 4 8 1 10 4 7 2 6 7 8 5 20 30 27 128 25 35 32 71 39 25 30 84 35 37 35 34 34 19 24 12 31 9 7 7 10 2 3 2 8 25 11 4 16 36 14 27 32 7 11 23 11 17 9 10 24 22 13 9 27 7 5 3 7 0 3 5 10 1 2 5 6 6 4 8 8
PD13312 25 22 8 12 17 11 4 14 16 15 8 10 25 25 7 38 15 8 9 10 14 15 6 8 7 12 1 8 15 9 5 29 38 17 84 38 34 30 48 44 29 27 77 23 36 38 31 35 15 11 15 21 6 11 12 16 7 9 4 5 30 6 11 15 46 15 33 41 22 17 22 24 26 17 23 23 18 19 8 27 11 1 6 13 7 14 10 21 6 1 2 2 11 8 3 29
PD13416 31 29 3 19 9 11 3 18 26 11 4 15 29 22 6 33 6 6 1 9 4 6 3 7 3 5 1 4 11 14 1 21 50 21 102 33 38 31 57 33 29 34 80 23 46 56 65 35 13 24 24 39 4 6 9 14 3 4 4 14 26 3 7 19 37 19 27 42 14 10 14 21 15 12 12 14 20 11 11 25 6 3 4 6 9 3 3 7 1 3 4 5 6 1 5 22
PD13418 50 40 9 34 47 42 10 30 44 36 5 33 147 76 12 124 45 23 7 43 31 29 9 53 22 27 2 30 522 138 29 707 72 56 191 41 81 61 124 60 91 65 174 54 653 141 183 331 27 32 34 42 10 20 28 27 12 9 18 23 36 29 16 49 62 28 51 61 18 18 30 25 26 18 23 26 37 33 24 54 29 6 17 31 8 17 14 31 8 4 7 12 21 9 15 48
PD13419 10 11 4 6 12 7 3 10 12 4 5 3 11 12 6 13 9 3 3 12 7 3 3 5 1 5 2 2 13 8 1 15 21 7 54 9 18 16 32 19 15 16 50 14 41 22 24 30 11 9 8 21 2 8 5 7 3 9 4 5 24 6 4 9 26 5 22 32 2 4 8 11 9 7 4 10 16 8 7 13 4 5 3 4 2 3 3 4 1 1 2 5 2 3 6 14
PD13420 18 28 3 29 21 18 1 11 24 13 6 12 14 23 1 24 11 10 4 13 4 7 3 18 6 8 1 11 15 14 3 31 39 25 103 21 32 21 61 40 27 26 56 23 31 38 41 36 9 17 15 28 10 10 8 9 2 14 7 4 15 9 7 17 45 16 34 43 15 10 16 17 26 14 15 25 22 6 8 24 4 5 5 13 8 10 6 8 2 2 2 11 10 4 8 12
PD13422 32 26 8 20 18 14 3 16 40 13 3 17 31 35 4 44 5 11 0 11 4 7 6 16 5 7 5 7 11 9 7 23 42 16 94 18 20 37 65 26 25 30 68 27 54 31 49 40 14 9 14 22 2 11 7 7 5 2 5 7 17 7 5 26 33 12 15 25 11 8 12 8 17 9 8 17 17 16 6 25 7 1 4 13 3 2 8 9 0 5 3 2 4 10 9 14
PD13424 66 57 6 47 43 41 12 46 52 27 4 44 64 60 6 80 30 20 5 29 15 11 6 18 6 17 4 23 59 32 6 101 63 41 210 54 58 47 127 66 66 48 158 55 97 85 96 86 30 32 22 49 13 36 15 29 15 17 15 19 52 18 16 48 58 19 29 37 24 13 25 29 21 16 15 22 31 35 18 41 16 6 10 24 15 16 15 27 4 3 6 9 19 10 13 40
PD13425 211 175 31 160 245 175 48 208 208 119 27 174 1220 530 106 884 227 103 44 262 232 118 57 290 99 91 21 162 5029 1114 177 6014 281 127 312 153 316 138 228 257 240 152 233 164 4234 864 489 1728 84 69 89 146 66 87 85 122 31 47 57 66 129 82 52 149 186 83 124 196 78 88 89 112 84 52 73 86 123 76 60 113 49 26 69 83 44 55 79 102 30 15 51 48 84 52 73 181
PD13426 25 38 5 10 25 16 9 22 22 20 8 18 23 29 8 35 18 13 2 17 6 9 4 7 9 5 4 6 14 9 2 23 42 23 144 40 51 55 71 53 32 44 98 30 75 70 66 69 19 20 22 37 8 20 16 14 3 9 15 12 41 9 8 28 59 15 43 52 14 14 12 15 24 17 19 39 26 25 12 45 14 8 7 13 6 7 8 24 3 4 3 8 13 9 10 33
PD13427 23 12 0 10 21 7 3 13 16 4 3 9 11 13 5 23 3 4 0 4 4 3 2 11 3 2 0 8 5 6 0 16 20 19 66 15 22 16 32 15 19 11 44 17 12 27 25 16 8 12 14 10 3 5 7 3 4 6 6 2 12 5 4 9 30 7 24 25 9 4 13 4 15 9 5 16 17 12 9 19 2 2 5 4 2 5 1 4 1 1 2 0 5 2 8 11
PD13428 35 35 11 24 32 22 13 24 44 22 8 25 37 40 7 49 20 12 7 18 21 12 10 24 6 12 2 15 42 20 8 62 83 56 123 59 70 68 105 70 51 51 96 52 83 54 58 91 23 27 20 31 10 14 18 20 9 10 21 12 40 21 11 31 70 30 50 76 26 14 28 35 32 21 23 48 45 19 27 43 13 9 15 19 3 12 11 25 2 2 1 16 11 8 25 34
PD13606 100 82 16 61 97 49 22 79 89 57 19 59 156 88 25 206 38 41 9 36 20 24 9 28 14 29 6 21 46 37 5 106 93 53 281 97 77 75 162 92 74 76 189 76 150 115 163 132 48 36 32 76 15 27 27 25 10 12 20 16 96 20 21 70 72 27 58 75 29 27 42 29 30 34 25 38 55 36 37 61 39 12 9 23 11 7 9 31 8 5 7 14 21 16 21 55
PD13618 35 15 5 12 15 9 4 11 18 9 4 13 19 24 6 28 9 5 4 11 6 7 5 12 3 10 3 4 23 16 3 48 27 20 89 37 25 33 56 39 30 19 66 24 119 54 43 64 27 11 9 23 5 11 7 12 5 3 5 6 28 8 2 13 42 14 18 40 17 7 8 13 21 13 13 19 16 13 5 19 7 3 5 8 6 6 5 9 1 1 1 5 4 6 6 23
PD13619 27 28 3 13 21 16 5 15 14 12 3 10 19 25 4 23 15 8 3 19 8 10 5 9 4 8 2 7 11 13 2 27 42 23 115 31 37 44 59 46 38 29 105 39 60 47 41 44 17 19 27 28 6 11 10 12 11 5 12 11 23 11 6 25 54 16 41 56 10 8 15 17 22 12 13 19 19 18 23 31 9 9 7 14 6 4 4 9 6 5 4 5 15 4 8 32
PD13620 76 51 3 57 60 46 6 54 50 31 8 44 78 66 9 148 32 22 4 42 12 16 2 17 5 36 3 17 41 28 3 118 72 49 255 32 76 69 135 54 67 56 194 54 110 85 99 109 54 28 35 51 16 21 33 26 13 12 7 16 64 18 22 49 73 31 34 71 22 27 33 58 43 25 20 37 62 39 25 53 41 9 8 21 7 9 13 18 11 4 0 15 43 15 18 55
PD13622 88 68 12 50 91 58 17 76 115 28 9 75 93 68 19 167 32 16 12 31 14 25 20 30 15 17 4 15 19 26 6 44 73 34 204 50 61 54 135 68 60 56 175 47 77 64 105 78 32 19 30 60 20 21 22 26 16 12 18 15 99 28 15 49 74 21 37 69 24 22 23 27 31 22 21 26 36 36 23 48 11 8 16 19 17 10 12 14 9 3 11 11 17 11 20 42
PD13625 186 156 19 135 191 118 37 161 149 86 27 121 236 149 24 288 55 34 9 56 47 47 14 70 18 29 6 35 102 71 18 210 176 71 373 118 148 134 267 133 127 92 256 111 341 232 176 276 79 66 70 151 47 97 69 135 37 45 31 82 198 56 36 130 113 41 84 134 48 94 86 263 66 41 45 81 62 50 42 81 30 21 33 93 14 51 38 779 11 16 16 144 23 31 40 213
PD13626 17 15 2 12 7 12 6 7 10 10 1 4 12 18 5 6 4 4 3 8 1 7 2 7 4 1 1 6 10 5 1 20 19 5 54 17 15 16 32 21 15 15 39 15 22 21 24 23 7 16 14 20 3 7 1 2 3 1 7 1 28 3 4 16 16 7 25 20 6 6 8 16 10 2 10 10 10 11 7 18 1 3 6 7 3 2 3 6 4 1 2 4 4 3 2 10
PD13629 16 19 4 18 13 10 7 25 21 19 4 17 12 19 6 26 9 7 3 10 3 5 3 11 3 2 3 8 24 12 2 46 37 25 88 23 45 26 67 43 28 30 79 15 153 54 59 97 12 18 13 30 3 8 5 8 7 9 8 8 21 3 2 16 31 12 27 27 17 12 10 7 19 9 15 22 27 19 11 22 3 2 5 8 5 4 3 11 1 4 4 4 3 3 5 16
PD13630 39 36 3 39 36 29 2 24 39 26 6 33 88 56 9 80 26 15 9 17 16 15 7 26 8 11 5 7 199 45 6 294 58 41 122 46 50 47 82 50 42 53 99 43 306 100 84 237 27 26 17 35 21 17 21 23 22 12 12 19 32 16 6 42 57 15 20 42 27 16 22 17 16 9 6 26 25 18 10 38 10 12 8 12 8 0 16 25 4 3 5 9 13 3 12 21
PD13631 30 40 4 33 32 17 7 22 35 28 5 31 46 42 6 95 10 11 0 18 14 9 5 12 6 6 1 5 40 18 4 54 41 26 97 28 41 33 73 54 27 38 84 35 99 75 45 88 19 19 16 32 5 11 18 10 8 10 7 5 39 15 5 21 56 21 36 52 16 11 19 15 31 9 12 26 29 22 25 32 4 6 4 13 6 6 8 10 3 3 2 5 13 6 13 28
PD13752 46 29 5 32 30 28 2 27 43 29 4 17 39 28 5 77 23 12 0 17 8 10 5 19 10 10 2 10 22 12 2 37 52 31 106 32 43 61 78 66 44 44 87 32 64 68 58 69 24 15 13 31 12 15 16 21 9 6 12 14 45 11 6 25 48 14 32 44 27 9 19 29 28 8 16 28 23 22 17 36 9 6 11 13 5 8 11 49 4 4 7 15 10 8 9 34
PD13753 35 39 5 34 40 20 4 38 24 20 9 19 156 86 20 117 36 17 3 30 33 15 6 40 17 10 6 19 922 198 33 1352 50 36 128 41 66 37 65 68 71 40 83 40 1240 251 142 642 18 21 24 31 9 10 17 20 10 8 10 14 39 15 9 27 44 20 34 51 15 18 19 15 16 9 11 24 16 22 15 24 14 4 10 11 6 8 11 12 3 2 6 4 13 5 13 24
PD13754 35 35 6 14 27 13 7 18 28 29 2 27 35 39 5 61 20 23 3 22 12 12 0 18 9 10 2 11 27 16 2 48 36 21 119 27 31 29 82 34 31 43 97 29 46 44 46 30 29 15 24 39 12 13 9 13 4 12 7 10 46 10 4 21 62 20 28 61 20 15 14 20 34 23 19 42 55 21 17 57 14 13 3 16 4 4 10 13 5 7 4 8 16 7 16 39
PD13755 26 13 5 16 10 9 6 21 16 13 5 16 18 16 3 24 9 5 1 13 5 3 8 16 8 5 1 1 9 10 2 31 43 24 103 20 30 39 63 39 31 29 68 24 49 42 30 45 18 25 12 22 9 12 12 10 7 9 8 16 21 13 4 18 56 21 28 53 12 6 9 5 27 13 18 25 22 16 11 35 9 6 10 9 3 3 12 11 0 4 5 2 9 6 6 22
PD13756 39 36 4 18 34 16 2 23 24 16 3 12 26 30 7 39 13 8 3 16 6 6 1 9 5 9 2 7 14 17 3 26 43 16 103 32 36 46 59 51 33 27 80 38 45 34 37 29 12 18 14 23 7 14 15 9 3 11 8 6 18 10 3 21 39 15 35 53 13 13 20 15 21 11 13 26 27 15 16 22 6 7 3 11 5 4 5 15 0 4 6 2 8 6 11 16
PD13757 13 11 2 3 12 8 0 6 9 7 4 10 21 12 5 32 10 9 0 7 5 3 2 13 2 4 2 3 58 12 2 68 17 8 57 15 16 13 38 18 18 8 37 21 150 55 57 86 10 8 5 20 3 5 2 8 2 5 4 3 31 4 4 11 20 4 8 23 5 5 4 9 11 7 8 13 9 5 6 10 2 3 0 5 0 6 2 9 4 2 0 5 9 3 5 11
PD13758 25 26 5 25 13 21 4 12 28 15 4 15 34 30 4 41 13 12 5 24 7 11 10 12 8 11 0 8 12 16 2 28 36 33 83 36 43 41 59 51 48 31 55 31 44 58 29 38 20 32 20 21 11 13 12 15 8 13 8 12 28 12 9 27 70 23 22 41 13 15 16 16 29 16 18 26 35 22 25 29 17 12 8 12 5 8 6 15 9 0 3 11 12 4 10 28
PD13761 18 15 6 18 19 8 5 14 23 9 2 17 22 29 7 31 14 4 2 5 4 8 1 10 5 7 3 2 7 9 3 20 40 34 68 20 31 36 37 53 33 25 40 38 46 46 32 44 11 20 7 31 5 4 11 7 6 10 5 6 25 2 5 17 49 5 30 39 12 6 8 11 14 5 11 24 7 12 11 15 6 0 5 7 2 3 3 8 1 2 2 5 6 4 7 17
PD13762 22 21 5 11 17 12 7 11 29 9 7 14 20 24 8 29 4 3 1 4 7 10 1 9 4 6 1 2 10 9 0 18 28 27 90 21 29 30 40 30 23 22 69 25 34 44 37 30 20 19 11 29 6 9 10 12 3 3 5 5 25 13 10 18 37 13 20 40 7 3 8 9 24 6 13 14 20 14 9 19 6 6 6 6 1 5 10 12 4 4 3 3 5 6 5 15
PD13763 44 30 9 34 27 25 8 21 29 20 8 11 27 26 5 44 19 6 2 10 15 16 6 22 7 7 1 11 17 15 3 32 50 33 148 32 38 37 86 36 32 31 95 27 83 48 61 61 26 27 26 32 10 23 11 31 6 8 8 15 39 17 10 30 61 16 34 40 19 19 11 19 21 13 14 20 27 19 13 30 10 8 5 10 5 10 4 22 5 1 4 3 5 10 12 17
PD13764 91 61 9 45 57 52 5 46 59 26 5 41 67 62 14 106 47 31 10 41 33 24 14 34 15 19 3 20 121 54 5 173 66 52 147 36 63 55 95 69 52 58 127 47 180 91 64 107 54 35 45 72 34 26 30 44 24 16 17 30 90 28 14 60 92 31 36 84 43 34 36 49 32 27 30 35 39 43 32 61 41 15 15 24 12 16 21 28 3 10 14 26 22 16 39 71
PD13765 174 73 6 68 143 62 20 91 257 67 16 142 158 118 29 278 22 31 5 21 16 10 4 21 12 10 4 8 44 25 6 79 65 41 222 34 88 93 144 66 82 69 179 70 139 123 103 101 36 26 32 53 12 24 14 19 8 14 21 16 46 24 11 38 45 18 47 45 25 19 32 28 23 16 25 39 24 26 23 35 33 11 6 14 7 11 6 17 7 5 6 8 13 15 16 30
PD13766 27 25 3 14 15 10 2 14 26 15 2 10 52 41 6 41 8 6 1 14 7 8 2 10 7 3 2 6 240 66 19 318 38 27 71 22 46 39 58 48 40 27 66 30 682 179 100 384 11 21 12 23 7 13 3 8 5 8 9 5 18 5 5 14 27 10 20 38 8 10 11 11 7 4 8 24 19 12 12 16 10 1 7 8 1 6 4 13 2 1 1 3 10 2 4 12
PD13767 31 21 3 27 34 21 6 22 34 19 4 26 32 40 12 67 17 10 2 11 8 10 7 15 11 5 1 12 30 23 4 52 53 37 117 34 53 41 55 42 52 40 81 27 147 77 61 82 15 19 30 36 7 14 11 15 13 11 10 15 25 13 11 26 59 14 34 36 16 10 18 15 14 16 14 20 17 11 14 31 9 6 11 10 5 13 8 17 2 5 5 5 10 5 10 20
PD13768 13 11 1 8 14 4 4 6 11 13 1 5 18 20 3 22 3 5 1 6 4 10 1 6 2 5 2 4 7 8 0 12 24 14 85 21 28 16 42 27 17 24 60 19 30 29 33 25 10 10 10 16 4 3 8 9 3 4 3 3 31 1 4 12 34 14 19 29 8 7 13 14 13 8 14 11 22 8 12 19 5 1 6 8 3 5 4 5 3 0 1 2 2 1 5 26
PD13770 51 32 4 14 33 19 2 19 46 20 3 36 39 42 9 74 9 8 3 14 9 8 3 12 7 5 1 5 16 11 3 30 34 19 114 25 34 27 73 30 31 23 77 22 68 44 42 46 10 15 21 31 5 10 13 12 10 8 6 5 31 11 12 19 34 8 22 34 9 6 12 24 8 8 13 22 22 10 16 27 5 4 7 10 5 4 2 12 6 5 1 7 6 8 3 23
PD13771 207 206 25 193 183 186 20 179 127 125 19 115 200 205 25 280 151 96 29 141 104 101 26 184 67 66 23 124 439 218 26 660 218 131 138 215 170 178 131 281 150 124 99 145 454 296 99 366 79 87 86 147 74 111 94 140 44 33 43 99 116 72 55 174 175 67 97 154 82 104 61 110 66 56 59 94 75 74 56 114 43 30 72 62 44 38 83 91 24 26 50 54 49 45 77 146
PD14432 22 23 9 18 16 16 3 14 17 18 3 15 21 39 8 38 19 14 1 5 4 7 5 5 6 6 1 3 10 16 3 20 35 37 82 26 32 29 43 43 34 29 60 28 38 48 35 36 13 13 11 34 9 6 9 8 4 7 8 11 9 10 7 15 32 9 19 36 13 9 16 21 18 12 16 23 19 16 16 25 19 4 6 8 2 8 5 16 4 5 3 8 8 7 7 17
PD14433 32 24 7 16 20 17 2 10 17 19 5 19 48 32 6 39 7 10 5 17 5 8 5 12 6 5 1 5 121 21 5 175 52 22 111 25 58 37 83 50 43 43 88 35 484 128 121 311 22 24 18 28 12 8 8 8 8 6 12 14 20 11 11 19 49 12 26 41 21 11 11 11 23 14 16 26 26 18 20 29 10 4 5 13 6 6 8 11 6 2 5 3 6 8 10 18
PD14435 56 43 7 42 30 22 4 20 45 23 7 27 56 43 9 61 16 12 1 11 17 19 2 13 14 10 3 17 83 35 4 97 60 41 188 43 43 50 117 59 44 58 130 43 123 83 98 112 32 24 21 41 15 20 20 27 11 10 10 18 42 18 14 29 68 23 42 62 24 11 32 30 32 13 20 40 41 27 21 42 19 8 16 12 14 7 11 15 0 1 5 8 8 16 13 40
PD14437 68 44 6 47 69 45 10 57 37 22 10 37 81 42 6 155 41 29 9 35 28 17 7 36 11 17 3 22 94 35 5 145 82 28 184 56 57 57 111 69 52 50 124 49 114 80 82 102 29 27 36 79 24 20 25 32 14 12 15 19 85 27 12 40 82 30 51 52 34 26 38 41 29 19 20 36 45 36 32 56 7 10 15 30 11 17 16 31 7 7 7 13 21 18 27 66
PD14439 19 15 3 11 15 11 4 4 19 17 3 24 31 18 7 34 10 6 1 3 4 5 2 12 2 8 2 7 5 4 5 9 26 12 56 13 23 19 43 28 27 17 53 26 38 25 33 41 12 12 7 8 2 6 8 3 1 1 8 10 15 4 3 12 14 11 13 27 11 7 4 7 10 6 10 12 14 9 12 18 3 3 3 7 2 6 4 6 3 0 3 1 6 12 2 12
PD14441 80 71 11 51 88 76 8 59 56 49 7 42 85 93 11 104 46 28 6 48 41 33 12 44 19 24 6 34 78 51 7 132 71 48 97 49 69 61 77 70 64 53 86 53 103 89 47 90 48 42 34 52 26 43 44 55 23 21 25 42 42 32 33 60 78 24 47 68 30 38 38 38 31 18 33 53 40 35 27 44 13 13 22 24 16 28 24 34 8 4 18 16 14 16 23 52
PD14442 23 29 4 18 26 10 6 12 21 13 2 16 17 25 3 35 7 7 3 9 5 11 3 14 6 9 1 4 7 7 1 17 25 14 81 16 21 35 46 37 29 17 49 19 35 35 25 43 18 27 25 29 2 15 9 5 5 10 4 12 27 5 7 18 42 11 18 39 5 10 16 16 12 4 9 21 16 20 6 26 6 3 1 7 3 2 4 8 1 0 2 8 8 2 9 12
PD14450 19 9 2 15 13 8 3 5 10 6 1 12 16 14 1 31 7 5 1 9 5 8 3 8 2 2 2 2 10 11 3 21 27 15 52 18 22 20 35 39 23 20 57 16 31 27 24 28 8 11 4 22 0 6 9 6 4 6 6 4 9 8 2 10 30 9 17 32 5 4 8 12 15 13 8 20 9 9 9 20 5 4 2 4 2 3 0 6 2 1 1 3 4 4 5 13
PD14453 100 81 15 73 85 60 19 60 73 40 10 52 146 93 19 150 62 35 20 68 49 31 22 54 27 40 1 47 638 147 50 903 116 43 169 43 101 65 98 80 59 55 160 60 984 283 223 625 46 35 37 81 17 37 42 42 16 15 22 37 88 29 25 71 112 42 60 94 55 38 67 86 50 38 36 42 68 52 37 89 35 11 32 44 24 15 32 64 17 5 24 36 32 30 47 83
PD14454 44 28 6 33 33 26 5 23 26 16 3 29 26 45 8 49 22 15 5 17 18 14 6 19 8 8 3 6 44 23 4 88 32 38 104 39 36 31 65 45 38 27 72 29 82 48 53 73 19 24 20 30 16 16 17 13 6 4 10 11 32 14 11 36 45 9 27 40 7 10 15 19 15 15 15 19 24 16 19 22 6 6 6 7 5 7 12 18 3 0 6 6 5 5 11 21
PD14456 25 16 5 23 25 15 4 19 38 15 6 22 33 24 6 41 16 2 7 18 7 8 6 12 4 10 1 7 10 9 1 25 48 16 113 25 37 36 71 42 23 16 101 22 26 32 56 34 7 7 15 27 13 13 9 11 8 9 5 11 20 8 9 10 30 6 32 35 9 7 12 14 16 10 17 22 19 11 9 24 6 3 2 13 2 3 3 13 1 1 0 2 2 9 13 16
PD14457 92 47 13 51 98 36 21 63 126 40 17 78 118 83 26 163 24 18 8 14 13 17 10 18 9 11 4 12 21 21 10 44 81 52 219 55 97 79 113 79 73 63 149 47 171 158 90 149 24 31 27 46 6 23 11 24 10 11 11 20 68 12 14 33 72 30 41 55 22 14 28 32 27 14 24 35 39 28 42 46 10 9 10 13 3 4 8 11 3 2 6 8 15 9 16 23
PD14458 23 19 4 14 20 9 2 16 19 11 5 9 21 16 11 26 5 4 6 5 2 5 3 6 3 2 1 3 7 8 3 15 25 15 89 17 31 31 53 24 14 25 65 18 36 32 47 27 11 12 7 28 3 10 4 4 4 4 5 6 24 9 4 12 25 3 22 18 6 6 11 12 25 7 13 14 9 8 13 26 6 5 4 3 3 5 3 9 2 1 5 6 2 2 10 21
PD14459 39 25 6 30 33 11 5 24 60 17 5 35 49 34 2 74 7 8 3 11 6 4 3 10 3 5 0 4 12 5 3 26 35 23 113 17 36 39 67 26 35 32 76 22 77 55 56 43 9 21 11 19 4 10 8 4 2 9 10 12 16 9 3 13 29 16 26 32 11 12 18 15 14 5 7 26 12 5 11 16 7 3 0 7 0 5 0 10 4 1 2 6 9 5 5 16
PD14462 27 27 7 10 16 18 6 16 21 17 8 10 44 44 8 29 9 10 0 14 11 5 4 8 4 5 2 6 84 24 6 103 46 28 77 40 45 34 76 59 33 26 104 27 194 89 70 98 19 23 9 32 10 16 7 10 6 4 10 11 31 7 8 15 49 18 36 46 18 15 12 22 31 11 22 20 37 18 17 18 8 8 8 11 5 6 6 11 1 1 4 4 7 4 10 18
PD14465 50 34 12 31 24 23 8 26 49 25 3 32 48 32 9 70 22 14 5 27 13 15 12 21 7 9 2 10 25 19 7 67 48 29 166 33 47 54 104 44 43 40 130 41 80 57 72 64 25 32 34 37 10 15 14 19 3 16 13 23 26 9 9 31 57 23 33 44 14 22 16 25 16 14 20 26 19 25 14 36 7 7 7 10 3 3 13 9 7 1 6 9 4 9 9 29
PD14467 17 23 4 10 8 10 3 11 10 8 2 9 19 12 7 32 8 8 2 7 5 11 2 13 6 4 0 11 23 11 3 34 31 7 99 19 22 30 64 23 19 21 79 18 50 41 42 41 12 12 11 12 4 8 6 8 3 8 6 3 17 7 5 13 20 9 19 32 10 7 16 5 11 9 9 12 16 11 9 19 6 2 2 8 6 7 5 5 0 0 2 5 12 4 4 13
PD14468 21 22 3 8 13 8 3 13 15 7 3 14 29 19 3 30 5 8 1 6 1 9 5 7 4 3 1 6 9 15 1 15 24 18 103 14 27 29 55 31 20 30 54 21 36 37 54 32 15 15 16 24 2 5 6 4 8 7 5 7 17 10 3 10 34 13 22 24 14 5 20 9 8 6 10 16 9 8 7 21 4 1 3 5 2 5 6 7 0 2 0 2 10 1 3 11
PD14471 55 51 7 29 42 32 4 36 32 26 12 22 44 36 10 50 20 10 5 34 12 15 7 17 6 12 3 15 24 20 5 64 49 34 219 34 39 51 116 50 32 44 158 29 70 63 71 57 29 29 41 38 23 19 20 22 17 20 11 15 36 14 22 41 48 16 36 63 15 23 22 26 39 21 18 30 35 16 16 31 13 7 7 19 9 4 11 13 4 5 4 11 13 11 16 35
PD14472 32 26 1 19 27 12 4 8 22 13 6 18 29 41 3 42 11 9 5 14 6 5 2 13 4 5 2 12 42 15 5 53 39 26 112 27 38 39 53 35 27 36 76 36 106 55 48 70 27 18 17 24 9 5 15 6 8 8 6 6 19 12 7 19 42 16 38 42 15 9 24 14 14 8 10 28 21 9 10 36 5 6 5 12 5 8 5 12 1 4 3 3 7 12 10 13
PD14473 26 15 2 14 17 12 5 19 15 8 3 12 19 17 6 22 12 4 3 8 3 8 3 12 6 5 0 3 26 11 4 17 32 24 100 21 27 29 66 23 28 19 57 15 36 31 33 37 19 12 13 25 5 9 9 17 5 5 7 6 22 3 5 17 24 7 17 27 10 11 10 13 14 7 7 16 10 13 8 15 5 4 3 12 2 3 2 7 4 1 2 3 6 6 5 16
PD17973 49 20 4 26 40 16 7 28 83 20 11 33 40 33 9 96 9 7 3 9 3 6 7 6 1 3 0 2 10 7 3 13 41 20 104 29 31 24 50 37 22 34 64 16 48 24 50 30 15 13 15 32 2 8 8 5 3 13 4 4 26 6 7 14 33 11 18 38 14 7 6 11 20 12 9 23 16 13 9 31 7 4 10 6 4 3 4 12 2 1 1 3 6 5 9 17
PD17981 105 88 8 61 103 31 19 71 149 73 10 100 152 104 20 200 24 21 3 28 21 14 7 33 12 9 0 19 132 38 12 161 103 54 397 54 84 65 236 91 74 77 267 66 523 184 224 342 34 43 40 61 13 25 19 21 8 25 12 24 73 18 22 35 89 30 58 88 31 23 29 24 47 43 27 63 59 58 24 76 22 17 12 17 8 10 9 17 7 3 5 13 19 11 15 36
PD17991 14 14 5 8 11 8 2 8 8 8 3 6 14 18 4 24 6 6 2 7 4 5 2 3 6 3 0 8 8 4 1 10 25 12 66 14 18 17 57 25 22 28 55 14 35 32 44 27 9 19 8 25 4 5 4 8 4 4 4 1 16 9 7 19 23 12 20 31 10 5 9 8 15 8 6 19 14 13 10 13 1 3 2 5 0 6 1 5 1 1 1 3 2 3 6 9
PD17994 10 12 2 3 8 12 1 4 10 13 1 7 13 14 9 18 7 8 2 8 2 11 0 6 1 6 2 2 28 9 5 29 18 12 76 16 15 9 54 17 16 13 49 11 89 41 33 56 12 7 9 16 0 2 9 4 4 3 3 4 26 7 6 11 26 8 9 34 2 2 5 8 8 10 8 6 9 12 11 18 5 1 1 5 2 4 2 3 1 1 1 2 4 1 4 11
PD18100 28 20 2 13 16 5 4 15 34 18 2 13 38 25 1 38 8 6 2 7 10 2 0 5 4 4 0 1 9 14 3 27 18 17 74 22 30 23 52 26 18 21 53 16 53 23 35 52 7 14 17 15 4 11 8 8 2 3 3 7 26 8 4 14 28 10 18 26 11 9 9 8 11 7 12 15 11 12 9 21 9 3 4 4 0 6 3 10 1 4 2 1 8 3 5 11
PD18101 12 10 1 7 12 3 1 11 5 12 5 5 11 5 2 16 5 3 1 3 2 4 2 5 4 2 1 3 7 5 1 15 12 5 50 16 8 17 28 13 19 11 39 9 16 18 18 17 12 11 11 9 2 5 9 3 5 3 4 5 13 4 1 8 12 9 9 24 6 3 11 7 4 6 6 5 8 7 2 14 3 1 0 5 2 4 3 4 4 0 1 0 6 2 3 4
PD18149 44 25 2 20 20 19 2 21 30 25 8 16 30 42 8 43 18 11 3 15 5 14 4 26 12 12 3 7 28 12 2 46 42 19 95 31 45 37 64 45 44 37 77 31 56 47 54 42 19 32 9 30 6 14 15 10 13 8 17 13 37 21 10 24 54 21 37 46 26 21 24 18 17 18 14 22 38 22 20 29 7 14 13 17 9 8 11 14 5 5 3 6 9 8 15 38
PD18247 17 16 1 12 28 14 2 18 22 16 3 7 211 101 22 149 29 16 6 35 31 13 8 43 10 7 1 10 1341 248 46 1775 56 23 98 33 79 24 58 49 46 31 50 31 1631 341 247 778 9 16 11 19 10 7 8 5 2 4 4 7 20 11 4 13 36 15 16 28 10 5 8 9 15 15 11 23 18 6 8 19 7 6 4 9 3 4 3 12 3 3 2 5 9 6 8 12
PD18251 48 39 10 35 55 24 6 48 28 27 6 23 55 49 15 72 35 24 4 36 24 28 6 42 18 18 2 18 52 33 4 75 43 25 118 27 61 51 70 51 35 42 93 35 99 61 40 73 32 19 31 38 17 22 25 28 12 13 21 15 57 15 18 45 80 29 44 55 33 19 35 43 35 28 26 42 53 29 20 55 26 6 22 29 23 13 30 29 7 11 16 18 31 13 18 47
PD18257 50 21 8 29 36 23 3 35 49 20 7 29 61 40 10 96 24 17 4 17 11 9 2 14 8 4 2 10 126 33 9 138 41 27 113 18 41 37 51 38 38 39 64 34 159 74 71 107 23 20 14 29 11 11 13 14 5 10 12 11 34 10 10 28 46 12 31 42 16 7 16 15 24 11 14 23 14 15 9 25 12 4 4 7 3 6 9 7 1 1 3 5 9 5 9 25
PD18258 22 13 5 10 12 5 0 8 13 3 3 14 18 12 1 24 8 6 3 9 8 5 2 9 4 1 0 1 6 6 3 15 14 14 49 13 15 14 42 27 12 14 56 17 19 21 30 21 7 15 9 17 3 4 2 6 1 5 3 5 16 3 2 18 17 6 12 15 7 7 6 7 10 6 6 13 11 7 4 13 3 1 4 9 4 6 6 7 1 2 1 3 6 9 5 9
PD18259 102 114 11 97 121 113 17 102 67 69 3 63 70 107 8 122 67 28 12 70 57 40 11 68 20 25 7 41 147 90 9 262 94 56 183 79 73 69 104 112 66 67 142 63 272 108 83 177 47 55 67 92 37 75 71 105 27 32 37 71 57 50 36 106 93 48 63 92 28 45 36 51 33 29 31 48 42 41 18 50 28 5 18 27 14 31 40 36 16 7 19 20 25 19 32 56
PD18264 21 26 3 17 34 13 3 16 21 16 4 21 133 75 22 124 19 8 2 12 19 9 3 22 6 5 2 13 549 86 15 688 49 33 118 19 65 31 80 65 66 39 89 33 1404 340 222 718 19 15 10 22 6 10 9 11 10 10 6 8 18 10 8 25 41 14 15 56 10 11 12 16 13 10 6 17 14 16 8 24 5 4 6 5 2 5 5 12 1 3 1 3 9 2 5 14
PD18269 27 13 5 8 17 10 4 12 16 9 0 12 15 19 1 15 9 5 1 9 8 5 3 10 4 9 3 4 4 5 4 17 36 21 73 19 29 27 29 37 22 24 46 23 27 27 27 17 10 14 13 21 5 14 6 6 4 3 10 5 15 10 3 19 35 13 33 37 11 10 10 5 17 8 7 11 9 13 4 21 5 1 4 5 1 3 10 6 2 0 2 4 10 4 7 13
PD18728 32 17 3 16 11 12 4 14 16 12 3 10 18 31 4 23 9 3 1 9 4 5 5 11 5 5 2 4 12 9 1 22 27 25 76 19 23 28 36 26 25 15 50 22 97 55 36 66 14 19 18 23 5 14 15 14 7 8 8 7 22 3 7 18 41 13 35 39 15 7 14 15 19 11 16 21 15 14 17 27 4 2 5 5 5 7 4 6 3 1 1 1 7 4 4 15
PD18730 8 10 2 11 8 6 1 5 7 4 3 3 34 25 6 22 7 3 1 11 8 2 5 9 5 3 1 8 164 40 4 189 27 15 65 12 28 15 39 20 21 11 43 11 271 53 37 115 4 5 10 9 3 4 5 7 2 9 3 3 19 1 3 7 25 15 12 24 4 2 6 4 5 8 9 13 9 11 5 17 5 6 5 10 1 5 1 8 2 0 2 5 6 5 3 12
PD18733 51 45 7 30 29 24 9 28 50 22 6 28 57 46 6 88 19 18 4 18 14 8 10 13 9 9 1 11 26 15 3 54 47 27 120 36 48 44 54 48 55 48 82 44 106 76 65 82 31 38 28 44 11 18 17 13 12 11 10 12 39 22 13 39 68 30 37 45 17 26 16 23 37 15 15 43 44 33 13 61 29 14 4 6 9 8 6 16 8 4 4 10 15 4 15 24
PD18734 83 59 9 55 43 48 10 44 87 36 15 34 100 72 15 140 17 14 2 32 17 6 8 18 13 5 2 13 31 20 2 58 71 34 184 37 54 54 96 64 64 67 156 58 97 76 78 78 39 48 38 64 12 25 20 18 9 20 22 19 38 19 12 44 61 26 28 62 30 20 20 21 35 15 18 35 28 18 18 33 19 4 16 9 11 7 9 12 2 1 5 7 10 13 12 32
PD18748 30 30 7 23 24 8 4 16 26 13 5 13 32 42 8 54 16 7 4 11 5 7 3 10 2 2 2 8 48 12 5 99 48 31 156 34 46 49 94 46 42 31 100 26 254 91 103 180 16 15 19 26 9 11 9 12 8 4 7 11 24 4 3 23 41 14 27 46 10 8 12 17 19 12 22 21 22 19 10 32 6 7 5 9 4 6 11 7 0 4 2 6 10 6 13 26
PD18749 18 18 2 7 25 7 6 9 16 13 4 18 103 58 13 57 24 3 2 11 12 8 7 24 3 9 4 9 626 152 17 783 32 21 78 21 56 24 52 48 34 35 74 25 618 146 63 301 11 11 10 11 7 9 9 10 4 5 5 4 21 13 6 21 45 16 24 41 15 13 15 11 22 8 14 26 24 9 13 21 2 8 3 7 9 9 6 6 0 3 0 4 8 8 9 18
PD18751 20 26 7 25 20 13 9 14 37 14 10 27 25 26 5 33 9 6 1 9 8 5 2 14 4 8 1 4 16 12 1 28 36 17 120 31 29 34 69 40 38 28 92 22 48 44 46 36 7 20 16 19 3 12 7 8 4 8 4 10 20 6 3 22 25 7 17 24 4 11 13 13 23 6 10 14 24 12 6 22 2 4 7 6 3 7 4 11 2 1 0 4 10 8 8 16
PD18754 25 19 2 19 22 8 4 16 24 8 5 20 47 40 7 78 6 3 4 11 7 9 5 6 2 8 0 6 98 25 7 126 36 28 104 23 42 35 68 42 28 25 76 25 314 100 102 208 11 12 5 13 3 7 6 6 8 5 11 2 21 8 2 17 37 15 19 26 14 6 8 16 21 11 13 16 19 12 10 12 5 2 5 9 6 2 4 7 2 3 3 7 5 2 5 19
PD18756 25 16 6 23 19 6 7 9 22 6 4 16 24 20 3 40 10 6 3 7 8 5 4 8 3 1 0 5 12 8 3 25 29 23 110 15 23 28 58 28 21 30 84 20 37 46 55 47 7 11 13 13 3 9 7 3 6 5 4 9 23 7 1 12 21 5 19 33 11 6 15 8 11 12 17 7 5 5 15 24 3 5 2 5 3 3 5 9 5 1 2 1 5 2 0 20
PD18768 42 34 6 34 31 16 2 22 20 29 4 19 46 47 6 49 17 15 3 25 15 14 6 13 7 11 3 7 23 13 3 38 61 28 126 21 38 37 82 57 43 30 73 34 64 44 52 56 23 22 27 24 11 9 13 20 8 7 15 10 37 11 11 28 66 10 46 57 27 16 27 19 21 17 25 27 22 18 16 54 13 5 10 8 3 9 9 14 3 1 4 5 12 5 10 28
PD18769 28 9 5 6 22 10 5 15 12 9 2 9 60 38 6 36 24 13 4 14 7 6 8 18 12 10 2 6 401 88 7 394 40 13 59 30 31 18 37 29 22 19 37 25 312 67 38 166 13 9 9 14 6 2 10 15 2 4 5 4 25 8 2 17 37 10 31 37 10 14 8 11 9 9 5 20 17 9 5 18 8 3 7 7 4 7 5 10 3 1 6 2 7 2 9 25
PD18771 19 17 2 18 15 10 2 10 17 12 2 7 27 19 6 30 11 5 2 11 3 9 3 13 8 7 2 5 13 11 2 30 48 18 99 25 35 28 47 35 29 29 64 21 35 38 23 37 17 15 15 18 6 7 14 8 5 1 11 5 15 2 4 11 59 12 32 43 10 18 16 21 25 12 13 23 14 11 20 22 9 2 7 9 2 5 1 9 2 1 4 6 7 4 6 15
PD18775 24 16 1 9 16 10 1 5 6 13 5 8 17 18 6 17 8 2 2 6 5 3 3 6 3 4 0 7 12 9 1 19 19 16 74 11 30 32 44 22 16 30 59 13 42 28 28 36 16 15 13 18 4 10 5 7 1 6 5 12 25 8 4 10 30 7 14 27 12 6 7 12 12 4 5 17 9 11 12 17 10 1 2 7 3 2 3 7 2 0 1 6 4 3 6 12
PD18776 27 21 2 12 18 9 3 11 13 9 3 9 20 24 6 35 10 8 1 4 6 3 5 8 3 6 1 4 7 3 7 28 39 18 94 21 25 37 56 34 15 28 64 19 21 29 39 26 7 26 23 22 9 10 15 4 1 5 4 5 17 9 2 14 52 10 25 38 11 8 12 9 16 16 17 16 16 12 12 18 7 6 2 10 3 4 5 9 1 2 3 7 6 7 10 9
PD3851 29 32 6 18 22 18 7 24 32 15 1 18 35 29 3 39 14 13 6 8 8 7 3 7 3 10 1 6 11 14 4 25 37 14 70 20 39 18 55 33 23 22 47 13 57 40 41 39 11 21 15 26 4 11 10 22 6 7 8 17 16 10 9 19 32 14 20 40 5 10 13 10 6 3 8 17 18 6 10 15 8 2 4 9 3 9 5 13 5 1 6 5 4 5 9 20
PD3890 78 77 9 70 87 54 12 62 43 47 8 42 76 81 5 94 86 38 21 85 52 43 7 84 38 25 10 53 205 118 13 359 84 48 81 65 65 40 41 86 60 45 59 51 173 114 51 125 41 31 30 39 33 50 51 58 13 23 25 29 59 26 25 60 69 34 57 94 35 32 47 67 37 27 32 34 37 44 20 56 27 9 25 38 21 24 45 74 15 9 27 28 33 26 39 66
PD3904 91 96 10 91 90 65 8 81 47 66 5 48 105 91 10 110 51 38 17 63 52 35 20 82 35 30 3 42 142 78 6 240 109 48 84 84 84 72 56 102 74 67 52 70 214 157 49 189 33 28 47 54 30 49 40 54 24 21 30 38 51 32 35 75 88 33 46 69 38 35 34 53 29 19 19 32 40 24 24 43 20 10 22 20 20 23 35 22 17 14 22 16 21 16 26 44
PD3905 75 51 12 57 73 46 13 57 44 31 5 40 63 58 6 76 62 35 14 65 40 28 9 47 18 25 9 31 155 84 11 232 60 33 75 39 58 35 39 72 46 36 59 47 150 68 41 103 30 27 36 52 39 39 53 53 10 19 31 41 27 35 28 62 49 26 41 64 38 39 37 34 34 16 21 36 35 33 20 51 19 7 32 35 18 16 23 27 26 9 15 18 24 14 34 55
PD3945 210 152 21 139 179 164 19 168 100 99 13 89 236 141 15 272 114 73 16 109 103 88 19 135 61 60 12 75 173 147 9 366 162 78 145 165 120 87 63 157 112 98 118 112 260 150 58 212 120 82 132 160 77 108 88 120 50 56 67 84 112 87 43 152 184 57 118 193 92 85 100 113 63 36 53 85 116 68 44 88 53 24 63 49 24 43 69 86 26 20 34 37 54 49 78 114
PD3989 41 31 6 24 25 16 4 14 26 16 9 16 46 28 8 52 11 4 5 10 9 17 5 8 3 7 2 5 24 12 2 55 38 34 142 34 45 45 89 46 37 26 93 31 157 74 83 125 24 14 13 36 7 7 7 9 4 4 12 4 36 10 8 17 38 11 32 42 11 27 11 15 18 13 19 27 23 17 12 37 10 8 12 12 4 6 11 15 5 2 34 16 7 5 11 22
PD4005 64 55 13 62 58 74 4 47 38 37 4 38 149 108 8 144 54 30 13 72 54 48 13 58 21 25 7 45 432 122 20 622 44 45 90 74 59 36 64 77 52 46 58 48 445 134 52 291 22 31 31 34 26 43 42 51 19 18 20 27 35 29 18 44 63 26 47 80 28 30 35 39 40 24 25 32 45 32 21 50 13 7 28 25 18 15 42 24 9 10 15 18 27 17 29 45
PD4006 164 148 30 186 155 145 28 140 117 85 14 98 129 134 12 158 159 92 60 161 100 80 45 130 64 48 24 107 143 118 36 294 157 88 153 169 93 70 94 164 103 76 105 100 122 80 67 129 50 57 83 115 62 106 81 161 54 42 50 75 85 71 60 186 120 93 104 146 81 80 81 76 73 59 56 69 81 92 51 90 49 21 77 43 36 45 62 73 41 21 40 44 50 37 70 112
PD4069 47 18 5 22 32 14 5 25 49 20 12 26 38 28 5 73 8 4 3 11 3 6 4 5 4 10 1 6 9 14 1 17 32 18 144 38 42 46 74 38 41 37 140 34 58 56 61 64 13 8 15 33 8 10 9 5 6 10 13 6 24 7 5 27 38 15 12 29 11 13 13 12 18 14 13 16 26 20 19 24 5 2 3 8 0 3 5 12 0 1 6 2 3 2 2 17
PD4085 54 44 6 46 37 32 4 24 43 25 7 21 56 40 11 71 16 19 5 21 11 15 3 12 5 13 0 11 16 23 1 50 59 29 137 29 42 42 70 39 41 35 81 33 74 59 57 69 18 29 22 40 9 24 12 19 4 8 6 14 36 16 10 33 52 19 35 50 14 14 16 14 19 11 21 37 32 26 11 41 9 5 6 10 5 8 11 19 4 2 2 9 11 9 11 29
PD4086 21 21 4 14 26 13 1 18 13 11 2 15 31 30 4 27 13 11 0 15 7 8 5 14 4 8 0 12 117 45 8 151 22 17 52 23 15 21 51 35 14 16 29 14 134 39 33 77 12 15 11 15 9 11 9 9 5 6 4 4 16 8 4 11 28 16 26 42 10 6 12 17 14 10 9 14 12 10 9 15 8 3 6 9 3 3 11 15 3 4 10 6 11 3 9 22
PD4088 28 17 3 22 34 16 4 22 37 5 6 23 53 31 1 70 11 10 1 14 8 6 1 20 8 6 0 5 36 18 2 46 39 15 113 24 24 13 45 35 23 18 60 14 58 43 49 51 11 9 8 14 3 6 6 13 4 5 7 0 12 5 5 11 16 7 14 27 8 16 7 10 17 11 5 11 12 10 7 12 2 1 4 5 3 3 3 11 3 1 2 3 7 5 8 10
PD4103 98 44 6 39 51 27 12 61 53 37 6 58 120 77 17 140 26 23 8 32 22 20 10 34 10 15 1 16 142 66 5 246 82 47 219 50 87 57 136 100 69 63 150 68 359 171 116 250 22 30 22 48 14 18 22 34 9 8 8 19 78 18 8 35 64 19 43 60 23 20 18 44 25 18 16 37 43 22 30 58 19 5 9 23 12 9 14 45 2 5 5 14 19 17 17 65
PD4107 170 149 31 157 152 145 22 165 140 78 15 106 139 120 20 212 107 78 54 107 80 71 35 108 59 52 17 83 129 111 14 234 169 56 133 152 111 76 90 165 96 71 107 96 378 210 69 320 52 57 71 100 80 94 106 148 54 42 45 91 88 57 49 169 146 83 98 162 68 126 53 103 61 55 62 59 74 92 53 103 46 17 53 40 37 36 62 67 20 20 54 50 62 47 64 99
PD4115 187 145 13 138 155 124 17 135 115 113 13 120 133 142 13 226 111 66 17 127 86 83 23 140 39 49 9 81 146 136 12 262 168 79 160 130 127 91 98 136 122 95 109 100 179 143 71 151 70 70 92 122 79 94 76 154 49 49 42 97 110 69 56 127 157 66 108 192 66 90 68 120 80 49 45 91 100 55 59 116 47 16 61 44 36 52 59 146 23 21 50 64 58 27 69 111
PD4116 114 123 14 129 139 157 26 119 75 102 12 88 149 119 10 148 93 67 17 98 84 67 22 95 43 62 7 77 279 128 21 394 122 58 80 91 108 77 69 138 82 62 62 85 243 113 57 187 85 55 57 92 82 81 81 91 46 42 44 79 98 58 37 116 136 57 90 112 67 67 58 78 69 32 46 63 59 55 36 65 27 20 40 36 31 26 48 54 18 20 34 27 38 37 58 91
PD4194 22 19 6 12 10 5 3 7 10 12 7 4 26 19 2 23 7 5 0 8 4 1 4 12 6 6 1 4 58 21 2 64 16 15 68 8 29 22 43 17 26 17 46 7 83 29 32 34 17 9 8 15 6 9 4 6 10 4 4 10 23 8 4 19 20 7 11 10 5 9 6 6 8 9 5 9 6 7 3 11 6 2 1 4 4 4 3 4 2 4 2 2 4 2 6 11
PD4198 47 61 12 37 44 35 9 32 30 41 3 26 88 62 11 97 34 23 5 29 22 17 9 29 19 18 4 17 98 40 2 129 77 28 203 46 60 48 106 56 52 43 112 42 287 116 113 169 52 31 32 67 19 24 29 24 11 18 14 18 76 26 15 49 88 24 47 57 26 25 23 21 37 21 19 53 61 60 26 47 48 16 11 18 13 16 14 33 10 4 8 11 21 10 15 39
PD4199 31 25 8 27 34 31 6 27 31 24 9 34 164 72 16 102 25 19 2 23 18 13 4 36 8 10 1 15 730 196 19 878 40 27 107 33 81 41 81 59 54 42 81 41 1247 295 213 614 18 23 16 36 14 23 13 12 7 10 12 9 27 17 7 17 23 9 27 33 12 16 15 17 19 12 6 22 15 24 12 24 7 7 2 3 2 4 12 8 2 1 4 2 5 7 4 22
PD4225 42 24 7 10 10 16 2 10 27 10 10 13 27 30 4 37 12 7 2 7 4 3 8 10 5 2 1 5 14 7 4 28 37 20 175 24 39 40 89 45 39 32 124 23 68 52 68 45 18 24 17 30 3 13 7 4 5 7 6 9 26 5 6 13 30 11 26 30 11 11 17 20 27 12 9 17 16 16 15 25 4 3 4 5 3 7 7 5 2 2 7 8 9 6 7 16
PD4248 25 23 7 19 25 17 4 23 18 13 6 15 43 20 6 38 11 14 4 24 6 11 6 14 4 6 2 12 43 12 4 58 41 14 72 19 36 36 34 37 35 25 50 29 76 53 31 49 15 15 14 33 22 11 15 15 6 6 5 8 26 8 3 23 51 19 20 30 17 9 18 12 23 16 12 34 16 12 12 30 6 4 5 13 10 6 8 18 6 1 1 6 12 7 5 21
PD4252 77 28 16 45 70 33 6 40 71 29 9 62 73 51 12 105 27 19 24 22 20 18 19 20 12 11 5 19 44 30 15 78 74 33 176 39 68 48 105 75 55 54 159 44 74 67 84 63 18 14 20 54 15 23 14 19 12 17 8 15 67 11 13 39 60 29 58 57 22 13 24 33 31 20 32 32 33 33 18 44 16 10 12 20 6 15 16 30 4 1 3 7 21 15 25 45
PD4255 97 42 12 29 79 36 22 66 97 38 14 63 129 75 21 208 26 25 28 44 38 14 17 24 18 14 6 16 54 31 8 86 81 40 157 62 59 50 84 75 64 60 122 51 86 64 69 58 35 21 24 80 14 29 18 21 7 11 24 23 107 28 8 56 76 44 42 70 24 25 30 30 46 21 26 53 48 45 44 56 10 11 15 24 8 18 24 37 9 4 4 15 25 18 17 49
PD4261 30 26 2 17 13 10 2 15 18 14 1 13 20 18 4 27 15 12 4 12 8 6 5 12 8 2 2 11 18 12 1 24 29 15 94 31 30 37 43 36 22 23 60 32 32 35 31 34 15 17 21 22 7 9 12 8 6 5 11 9 19 10 8 12 52 16 43 41 17 6 15 15 15 10 13 21 27 11 12 23 9 3 2 2 5 5 8 8 3 4 0 3 9 9 8 19
PD4264 30 16 5 7 18 13 2 15 23 10 5 11 20 15 3 31 9 3 4 7 8 9 2 11 3 4 1 3 27 4 1 21 39 25 147 24 30 26 103 34 35 33 114 28 111 59 66 84 16 25 14 10 5 7 5 17 4 6 9 8 20 7 6 13 35 7 29 26 11 13 21 10 10 8 13 16 18 13 13 25 5 3 4 6 5 3 6 8 2 0 3 2 5 10 5 21
PD4266 32 18 3 11 17 11 1 21 14 9 5 7 46 19 7 26 18 10 1 18 8 11 5 14 5 8 1 9 201 44 2 268 34 22 82 29 36 29 47 35 31 20 51 28 594 129 105 317 13 7 18 17 7 8 8 12 7 4 5 4 6 6 6 13 42 11 24 34 10 10 15 15 18 10 11 30 10 10 13 14 6 1 6 8 0 7 8 9 0 8 15 4 6 9 5 13
PD4267 41 29 4 17 17 13 3 18 21 13 5 12 30 35 3 33 9 4 4 11 6 8 0 14 3 5 4 9 150 40 9 151 36 24 130 25 32 32 98 38 35 30 97 32 129 53 60 74 20 11 18 29 5 8 6 4 3 8 4 9 28 6 6 24 38 12 27 32 5 12 17 15 12 15 10 23 18 15 11 22 7 6 3 6 1 12 4 9 3 4 8 5 2 5 4 20
PD4606 25 12 5 21 11 7 1 5 11 12 4 11 12 14 1 16 9 7 1 10 7 5 4 6 4 3 4 5 10 7 1 16 19 21 73 12 15 30 41 18 17 18 40 10 22 32 28 32 9 17 13 6 2 5 9 8 5 9 4 8 9 9 4 9 28 11 21 29 6 8 15 5 15 7 5 13 20 12 8 16 4 4 6 2 5 4 4 6 3 2 6 4 2 3 2 10
PD4607 41 33 5 26 50 20 8 34 25 20 3 16 960 366 57 531 56 30 9 59 56 19 1 68 16 22 4 52 3629 738 102 4980 197 60 147 80 386 90 118 215 183 96 97 99 10972 1979 824 5631 18 16 17 38 9 17 15 15 3 12 4 10 32 7 6 21 48 20 27 45 14 9 10 29 27 14 17 29 24 21 12 36 10 4 6 19 3 6 16 11 7 7 9 4 10 6 11 26
PD4613 23 14 1 19 19 5 3 11 21 11 3 13 46 20 10 35 14 9 0 5 11 6 5 4 7 8 1 6 162 37 4 179 32 22 63 16 25 34 41 21 40 24 62 25 352 71 67 175 13 9 6 12 4 5 4 4 2 9 7 8 13 5 6 12 20 9 15 21 8 9 9 6 15 14 7 15 8 6 9 22 7 6 5 4 1 0 2 6 1 3 4 4 3 9 2 14
PD4826 39 21 5 30 32 20 8 37 36 17 6 22 71 45 18 88 25 17 2 24 14 9 7 17 9 9 4 8 155 43 8 214 43 19 123 28 46 38 79 43 39 30 89 31 258 103 83 178 21 27 25 64 10 19 18 19 10 11 13 17 75 14 10 34 50 24 36 40 24 20 32 24 27 18 30 26 36 31 23 40 12 5 9 20 9 6 14 30 3 2 5 7 14 8 20 34
PD4833 110 95 19 87 84 77 18 88 55 54 8 52 100 89 10 116 88 63 33 102 69 63 17 111 48 42 12 55 144 96 21 280 122 58 94 82 66 68 52 101 88 48 65 69 122 93 48 113 37 29 45 56 42 62 50 62 26 27 38 47 59 51 26 74 91 42 64 97 53 55 48 64 41 29 39 47 51 59 30 69 35 12 55 34 24 28 39 42 25 12 34 28 32 29 47 85
PD4836 40 51 11 46 59 45 11 49 41 42 10 43 54 50 6 91 45 22 21 46 36 28 17 55 19 30 6 27 103 61 17 143 95 43 133 78 57 50 98 72 56 45 82 58 105 78 73 94 24 20 24 65 13 29 29 26 15 12 20 32 45 17 18 41 87 30 56 68 28 29 27 36 36 16 33 32 50 35 16 44 31 9 20 24 10 11 28 24 4 8 9 14 22 16 21 42
PD4841 114 91 19 91 95 74 22 90 67 62 10 57 89 82 13 99 70 44 43 73 55 46 34 80 34 31 20 59 112 67 24 193 117 54 157 69 71 58 91 92 81 60 110 76 127 84 79 123 69 48 67 94 36 44 60 112 33 25 42 50 82 60 24 127 119 51 74 135 66 64 51 87 65 37 48 69 77 48 30 95 27 9 36 35 24 20 40 65 18 7 22 32 30 16 35 77
PD4844 186 169 44 157 170 152 21 157 131 110 19 138 166 175 21 207 202 93 60 185 132 110 51 214 98 88 22 144 344 244 33 548 218 98 172 183 149 103 103 189 152 94 139 139 289 189 88 243 84 65 93 138 81 94 109 164 61 51 59 100 97 64 62 193 215 108 145 203 114 136 103 142 107 66 88 112 157 114 71 156 60 21 68 73 36 55 83 88 46 29 47 57 73 52 94 132
PD4845 112 70 18 86 93 67 7 74 62 46 11 57 66 80 14 112 61 36 28 73 49 47 20 60 23 27 14 38 52 34 7 88 80 47 145 71 54 58 86 82 44 38 95 54 50 63 70 69 41 37 40 63 35 57 44 82 27 24 29 37 65 40 34 110 110 36 65 102 45 51 47 131 41 37 34 52 82 65 36 82 39 13 23 51 33 24 43 217 14 11 10 56 30 29 37 119
PD4847 209 150 19 118 182 129 35 208 174 74 23 152 208 122 37 377 106 51 31 89 46 49 30 71 46 47 11 53 87 78 19 142 219 118 286 152 155 112 190 157 136 127 164 111 210 158 188 205 108 62 69 210 56 52 49 88 36 31 31 45 319 33 38 171 251 77 171 168 97 72 133 172 119 52 70 105 152 108 83 175 47 14 30 90 42 33 64 209 15 8 26 58 53 32 85 144
PD4872 71 65 4 72 64 60 7 76 39 32 6 47 63 72 4 87 34 36 5 51 33 39 10 44 19 10 2 33 225 82 9 292 58 41 67 58 53 47 39 79 45 51 58 45 276 97 43 168 38 38 47 64 28 51 38 62 23 23 19 43 38 26 22 68 60 26 40 61 28 36 25 33 47 30 22 20 29 29 19 43 13 11 22 20 12 16 21 25 6 2 16 20 12 11 13 39
PD4874 130 113 27 100 126 116 32 98 68 53 23 72 235 158 16 188 72 50 49 105 82 51 33 97 37 25 11 69 635 182 41 816 141 56 111 108 88 76 91 127 87 67 66 93 584 178 88 291 57 48 77 91 75 92 75 133 40 40 37 58 84 60 45 114 104 51 82 122 52 62 57 98 41 31 42 57 52 44 29 55 23 17 43 38 22 19 44 105 11 11 20 42 32 21 45 102
PD4875 130 107 21 86 102 95 15 111 97 73 10 80 122 95 16 133 90 48 30 81 54 56 34 74 35 32 14 56 128 74 20 188 117 56 156 89 104 66 101 129 86 79 120 80 139 107 78 131 54 58 45 73 41 53 68 80 29 32 41 54 72 45 30 75 138 64 90 141 49 55 44 68 49 41 45 58 53 39 34 84 35 8 38 35 24 30 32 70 14 11 24 26 32 18 39 74
PD4876 91 64 12 57 56 64 11 48 45 42 9 44 73 62 7 90 74 35 6 89 53 55 10 91 34 36 2 48 127 80 4 230 63 46 73 77 60 50 38 72 48 57 46 49 159 77 33 98 31 36 38 43 29 41 36 60 14 16 31 38 45 32 20 58 76 42 49 70 32 38 39 62 52 16 30 39 35 24 28 45 25 9 23 33 19 17 35 35 9 6 14 27 36 26 32 61
PD4951 54 40 5 30 50 41 4 34 24 17 7 29 38 37 2 36 22 21 5 27 24 22 3 27 14 13 3 20 61 35 4 126 42 24 65 33 27 32 30 44 36 44 39 35 70 58 26 59 29 23 24 31 24 24 35 26 12 12 15 20 25 9 11 39 41 21 31 56 20 17 23 21 22 20 20 23 19 16 14 30 9 8 11 12 7 9 16 14 7 2 16 12 15 11 22 26
PD4952 193 170 34 145 182 187 35 191 121 100 16 109 196 172 22 245 155 60 36 142 112 94 29 159 58 63 15 75 300 163 29 474 242 116 275 179 175 123 158 203 149 124 168 136 408 183 111 296 93 74 91 159 68 131 127 139 70 39 54 95 91 63 68 148 174 73 122 179 90 89 74 101 77 63 65 118 103 74 43 118 35 35 62 70 40 40 80 82 31 23 39 58 48 40 51 112
PD4953 156 116 22 111 133 116 18 118 117 89 14 81 160 142 25 207 87 69 20 102 90 66 17 104 55 55 12 80 132 108 6 265 155 71 138 122 120 103 96 138 118 82 103 91 214 172 62 176 74 73 83 91 41 70 81 86 40 32 44 56 79 43 38 105 151 45 78 131 63 82 62 76 64 45 50 61 84 57 46 79 37 16 35 45 35 37 53 49 25 20 40 35 52 25 46 87
PD4954 111 95 20 83 103 85 17 85 54 67 13 41 91 106 9 99 81 44 12 83 72 47 21 63 38 30 2 63 154 88 17 275 112 54 124 82 89 62 79 95 72 67 89 70 156 106 49 156 61 51 35 54 44 45 52 58 25 30 25 46 62 39 28 72 101 41 61 95 48 62 43 69 62 36 36 47 56 36 29 54 28 11 41 39 17 15 42 39 15 6 50 36 35 29 35 60
PD4955 122 96 13 99 95 95 12 97 71 61 11 65 95 102 11 161 49 43 14 55 50 52 13 69 29 37 3 51 109 72 12 221 114 51 103 93 88 72 66 107 81 63 88 66 169 114 46 154 47 46 44 85 31 49 46 79 18 21 44 49 73 42 31 88 89 39 59 85 39 40 48 52 47 21 52 48 51 39 30 61 23 6 32 24 23 22 39 45 12 9 27 19 26 23 29 51
PD4956 171 179 30 146 165 152 32 132 95 107 21 102 158 207 25 191 168 111 76 201 149 131 62 204 93 74 26 141 383 247 34 702 175 77 154 172 130 106 115 161 155 92 117 100 229 169 79 220 85 50 74 120 65 95 69 104 28 37 45 67 108 80 40 131 180 75 126 167 91 109 95 115 89 57 67 95 121 95 54 111 55 37 76 73 43 55 81 92 33 18 56 58 75 62 86 116
PD4957 62 50 9 40 55 47 7 42 38 19 1 30 49 36 6 57 29 13 9 30 28 27 2 30 20 19 3 21 87 35 5 134 46 29 77 34 48 20 43 44 42 29 57 43 127 66 29 95 24 14 28 35 27 24 31 32 15 17 16 36 34 21 12 49 68 14 39 51 19 26 26 24 23 16 19 20 24 24 14 33 14 7 21 16 12 13 15 24 6 2 14 10 13 8 20 32
PD4958 120 134 20 143 185 163 26 162 76 96 15 92 176 140 18 209 89 61 21 105 85 83 28 100 48 52 8 58 262 109 15 353 141 92 134 101 174 106 78 157 84 75 104 81 385 188 60 239 91 68 90 114 57 93 92 116 45 37 64 71 94 73 56 103 178 58 106 137 82 61 72 85 76 40 59 65 84 58 43 95 37 13 38 31 14 26 46 75 22 14 27 31 30 30 34 69
PD4959 105 88 11 67 87 78 9 75 52 39 8 56 72 67 6 98 54 43 13 44 28 35 10 50 38 27 1 36 54 64 5 115 94 51 128 72 65 56 67 65 76 71 102 49 92 85 56 104 47 43 40 88 42 59 60 76 25 15 30 39 64 41 33 92 78 30 57 86 39 47 40 44 45 30 35 45 48 37 23 62 26 4 23 30 21 26 42 31 13 12 27 21 16 15 36 56
PD4962 109 80 10 66 61 45 7 78 54 45 10 48 290 119 17 225 34 24 6 46 34 25 4 51 12 23 3 29 884 218 40 1097 73 41 101 61 108 58 78 78 80 60 81 49 1521 297 191 644 45 36 35 77 27 31 34 45 18 25 15 23 60 26 24 63 72 26 34 66 23 22 16 36 48 27 22 29 51 29 24 52 11 10 17 20 7 8 14 24 5 5 16 10 29 14 18 41
PD4965 60 44 8 27 40 16 5 23 40 20 6 23 39 51 9 63 13 5 5 16 15 14 7 14 11 12 2 9 26 22 4 36 67 40 147 42 47 40 108 56 41 45 116 40 73 63 77 72 16 25 28 25 7 10 20 15 11 11 7 17 23 16 7 20 56 23 42 70 22 30 24 16 25 18 20 34 28 20 16 38 21 8 13 18 2 14 17 19 4 7 10 6 12 8 15 32
PD4967 41 41 7 36 29 22 2 21 32 12 6 18 83 55 8 72 32 19 7 17 18 9 2 20 15 14 0 14 282 89 10 364 55 29 130 29 54 36 79 46 52 33 97 33 451 128 89 225 21 11 31 28 15 16 11 12 9 7 11 12 32 10 8 27 60 15 19 51 11 21 14 18 26 13 17 27 26 28 11 40 9 6 6 9 3 10 10 11 7 5 6 2 11 9 11 24
PD4968 77 65 5 42 48 30 11 56 41 29 14 28 79 58 10 99 23 13 1 17 14 15 13 25 13 12 0 12 65 25 11 131 87 60 278 70 91 97 160 99 71 64 222 77 646 227 212 460 30 44 54 63 14 24 18 35 8 18 17 18 132 21 17 43 94 38 48 87 26 27 28 38 52 20 31 41 48 45 25 53 16 8 7 17 9 12 6 22 7 4 11 12 16 10 15 37
PD4970 43 42 7 27 24 27 3 33 27 14 9 14 29 44 2 34 11 13 7 19 15 15 7 17 8 9 0 6 25 24 7 68 63 32 148 33 44 48 91 52 45 53 105 40 103 68 68 58 20 36 18 32 6 14 13 16 4 12 11 9 33 5 5 19 72 13 31 73 16 18 19 21 30 17 30 30 32 19 14 36 15 7 4 10 8 10 10 8 2 4 8 4 10 5 14 26
PD4971 61 34 9 43 40 22 9 27 25 32 10 26 44 33 3 54 30 9 10 22 19 7 2 23 8 7 3 19 36 21 1 74 62 43 186 42 35 45 107 58 31 28 146 42 99 54 91 73 21 28 17 37 10 20 23 15 10 13 20 20 29 18 6 37 71 17 32 57 13 18 16 29 33 12 17 19 22 21 11 38 9 8 18 13 7 6 15 17 6 3 10 9 10 4 18 19
PD4972 22 12 2 13 15 4 2 8 20 8 3 8 14 20 4 14 8 5 0 8 5 7 3 5 1 5 0 3 6 3 2 19 23 6 61 13 25 13 27 19 21 20 52 15 23 24 40 20 6 11 9 17 4 4 4 5 4 4 1 8 18 6 5 11 16 10 24 24 12 6 13 7 12 6 7 18 14 2 6 9 3 2 7 2 4 4 5 12 1 3 0 3 3 1 1 10
PD4975 112 99 13 98 98 114 31 78 78 78 12 59 83 95 16 114 125 75 24 121 82 75 38 112 44 39 21 76 143 103 18 253 135 60 163 113 86 63 86 101 96 70 87 71 114 104 76 130 69 64 78 102 49 80 65 106 42 49 54 69 78 59 38 112 129 62 106 132 50 53 64 66 56 27 47 51 71 63 45 90 30 11 52 41 28 21 48 49 22 17 48 36 40 42 59 107
PD4976 122 74 14 51 109 65 21 103 106 42 12 83 142 118 22 201 60 38 17 55 36 27 17 50 36 26 7 35 125 65 4 225 117 75 387 87 95 79 212 92 92 107 331 97 185 174 188 152 62 36 31 113 21 30 25 31 30 13 20 29 94 27 14 78 154 39 62 118 60 39 34 57 85 53 33 72 105 67 39 98 41 21 26 31 17 12 21 37 9 15 27 20 32 21 22 80
PD4977 83 64 18 60 93 42 11 74 99 41 13 54 1059 473 89 734 88 33 11 108 88 28 26 131 35 18 5 56 4841 913 182 6790 244 90 253 109 390 140 220 224 195 112 171 136 9787 1887 1292 5259 34 39 25 79 23 26 27 26 14 17 18 18 60 22 18 45 75 25 47 74 38 29 31 34 40 25 28 48 52 29 22 35 16 17 17 19 8 9 28 34 5 5 5 18 23 15 21 46
PD4978 46 37 4 30 37 21 4 22 28 23 7 16 82 53 11 80 12 7 9 19 22 10 17 28 9 7 4 13 152 56 12 236 45 32 124 37 54 44 76 54 35 44 74 30 281 118 82 222 13 26 25 55 18 8 14 12 13 11 3 7 38 19 7 35 47 24 38 54 33 15 20 22 20 15 12 21 32 20 15 42 13 4 7 22 7 4 15 23 5 4 6 13 18 12 9 37
PD4980 74 61 7 36 78 34 10 77 74 36 7 50 92 70 14 128 33 17 9 26 20 17 12 27 13 12 12 21 57 13 8 73 68 28 121 51 42 24 86 64 31 39 125 42 76 52 56 51 22 20 18 51 13 19 16 17 10 15 14 12 59 15 11 35 72 26 43 65 24 16 21 29 28 18 17 32 37 33 27 39 8 8 11 21 9 12 12 16 4 2 8 11 8 14 9 37
PD4981 33 27 5 14 33 21 2 13 34 20 6 19 43 26 8 39 9 9 2 12 1 5 4 6 3 7 1 5 8 10 3 13 41 23 148 22 45 48 75 40 29 37 99 41 41 37 57 42 11 11 18 27 10 7 9 8 1 6 8 16 27 9 5 17 33 10 23 30 9 3 17 9 9 11 14 15 13 5 11 22 10 10 9 8 4 6 4 8 2 1 8 10 8 2 6 15
PD4982 27 24 9 9 15 13 3 18 20 13 4 12 28 23 2 29 8 5 2 4 6 8 2 4 2 7 0 8 3 10 4 13 27 22 98 17 30 23 67 34 26 20 69 26 30 35 38 44 9 21 12 17 7 8 4 7 5 8 10 4 21 10 2 8 35 11 22 34 12 13 15 10 17 9 15 16 16 8 13 27 5 2 4 1 2 3 2 7 3 0 13 7 3 2 9 11
PD4983 20 9 5 11 14 10 4 19 17 13 5 8 25 27 3 18 16 10 7 13 8 7 6 14 7 13 5 4 9 8 5 23 49 25 85 36 35 20 61 46 24 26 52 34 43 42 47 41 18 19 23 22 7 8 6 8 9 7 6 6 24 4 10 9 48 21 37 51 14 13 17 20 20 16 19 24 27 24 19 21 10 6 8 9 6 7 7 10 1 3 16 3 6 7 12 19
PD4985 32 25 10 19 26 12 2 15 30 15 8 13 25 25 5 38 16 9 6 13 8 15 5 13 3 11 0 7 14 16 6 35 53 16 121 38 32 36 53 50 26 43 65 26 56 56 51 57 12 22 21 25 5 14 12 8 6 9 8 9 17 17 6 18 52 16 34 42 15 17 25 16 25 9 17 33 28 25 17 30 16 3 8 15 8 6 11 15 4 2 10 3 7 9 11 19
PD4986 40 24 4 15 30 19 8 26 15 20 2 6 28 17 6 32 14 16 3 22 7 14 3 17 13 8 6 10 19 17 4 15 51 30 91 36 36 28 43 52 32 31 57 32 48 40 35 46 32 17 11 19 10 12 16 12 10 3 14 6 21 12 11 21 55 13 23 49 19 18 23 26 31 9 8 28 20 23 12 32 8 8 11 18 12 9 10 17 3 4 8 9 10 9 13 32
PD5928 169 146 23 144 137 105 14 114 100 80 12 94 135 114 11 141 100 53 21 76 70 62 26 76 50 37 22 65 133 97 14 197 149 66 171 112 110 84 106 130 104 76 101 115 184 105 82 188 67 72 77 104 61 83 70 115 50 52 53 68 87 63 47 134 107 53 63 113 67 81 45 85 51 42 45 72 77 62 30 62 30 17 51 32 22 36 58 58 20 18 56 49 35 22 52 78
PD5930 69 49 5 58 38 50 7 46 49 30 4 30 56 58 5 80 53 39 11 61 51 31 16 59 26 20 2 47 126 65 7 241 65 28 67 60 29 24 61 59 44 36 46 47 94 51 49 56 20 20 40 44 21 26 29 41 8 14 16 26 52 18 15 44 64 17 37 62 27 25 17 29 30 15 18 29 35 35 22 36 22 6 26 23 10 14 34 30 14 10 14 10 21 14 33 62
PD5932 125 106 14 96 132 105 27 114 68 84 13 69 163 192 14 151 134 61 23 155 112 86 23 159 59 48 13 102 467 278 29 683 142 65 127 117 128 75 104 136 102 80 86 87 310 170 59 211 49 55 64 82 51 74 87 94 29 34 57 73 59 33 48 122 144 69 102 163 75 93 69 105 62 48 68 90 70 89 61 115 56 24 56 46 26 42 54 53 24 18 34 53 78 49 66 101
PD5934 235 226 23 229 228 189 27 214 139 122 15 139 143 165 21 197 179 101 67 192 125 100 38 129 98 74 22 134 187 159 38 346 199 95 183 195 95 87 125 196 120 95 124 117 151 106 80 178 87 73 99 112 90 128 113 211 57 58 62 127 112 83 57 185 143 114 124 187 86 119 86 125 74 56 62 83 133 90 47 100 48 36 90 65 41 50 88 90 34 23 64 58 67 45 94 139
PD5935 115 122 21 97 148 118 22 94 80 58 10 77 118 120 19 152 141 85 52 143 96 92 43 143 62 66 26 129 370 198 37 537 126 67 179 132 91 69 108 140 90 79 121 84 234 118 75 159 54 44 66 103 51 73 48 85 28 25 38 41 112 31 31 99 159 69 109 169 87 92 90 95 70 42 59 73 106 83 56 101 68 21 56 47 34 56 70 83 39 23 52 57 61 37 70 113
PD5936 46 50 7 34 36 26 5 18 36 20 14 24 40 48 12 58 18 11 2 19 10 7 4 15 6 10 4 11 25 11 3 41 43 47 160 43 39 55 92 66 62 39 109 31 141 68 86 98 28 33 16 35 11 13 15 16 12 11 9 11 28 13 13 20 70 28 38 66 29 22 24 21 27 20 18 38 42 21 27 41 15 8 11 16 6 11 10 22 4 3 21 12 11 12 9 27
PD5937 84 113 14 173 485 779 134 2258 66 107 20 276 1152 566 91 1028 130 54 9 121 93 49 10 149 49 47 4 90 5579 1091 166 7181 1412 564 1576 648 773 508 1177 618 1756 1813 1682 1279 12203 2536 1861 6170 117 144 44 526 26 85 35 60 31 82 33 78 205 57 31 219 685 248 605 316 482 260 679 359 875 256 466 563 641 379 411 582 26 24 35 66 23 102 88 219 6 19 13 81 19 32 61 185
PD5942 94 71 14 47 69 56 21 52 58 36 16 45 101 109 21 137 92 49 17 86 31 35 18 61 33 33 3 38 124 85 11 168 142 49 211 74 101 84 144 81 96 72 143 83 159 123 143 128 37 30 31 61 19 23 39 45 15 18 23 24 70 34 31 67 98 25 73 79 34 37 31 48 70 47 33 60 55 41 34 69 18 8 19 48 19 18 30 32 4 6 8 19 34 28 27 65
PD5944 39 37 4 17 21 25 9 22 29 26 6 18 42 32 8 63 20 15 4 11 5 12 11 16 10 8 5 10 28 17 3 44 53 21 124 30 34 42 81 47 43 37 95 38 59 56 71 59 15 20 23 46 9 11 7 19 10 11 9 9 50 7 6 40 44 14 35 54 28 14 14 19 29 13 18 23 27 40 14 28 8 4 5 19 5 11 14 24 5 6 4 6 6 10 16 33
PD5945 151 159 17 142 150 131 17 146 83 88 10 85 143 120 8 151 148 73 41 158 98 67 29 152 51 53 18 99 194 97 23 308 158 78 111 128 78 73 60 161 86 54 97 91 139 98 65 147 67 69 81 104 77 93 94 132 38 50 59 105 97 64 45 185 142 68 92 131 56 87 51 88 78 41 38 68 100 84 50 105 52 11 55 47 32 34 69 70 12 20 49 39 54 36 82 104
PD5947 46 30 6 10 24 9 0 14 19 14 5 21 44 33 6 47 13 2 1 8 8 10 4 13 2 2 2 4 84 41 1 101 34 20 99 19 40 28 59 38 37 20 92 33 138 76 44 100 17 11 10 30 8 6 9 6 4 6 6 5 20 6 7 19 23 14 9 24 6 8 9 12 13 5 7 19 15 17 6 14 18 8 5 4 9 3 6 9 1 3 9 6 7 8 6 18
PD5948 199 165 18 214 221 166 32 192 140 113 23 126 161 132 14 213 273 142 49 282 186 145 40 202 152 133 31 184 269 189 32 417 207 94 196 150 115 94 131 162 133 127 182 104 139 118 80 132 111 69 122 158 108 92 133 212 68 55 77 121 156 66 82 224 300 164 217 360 164 221 174 246 190 148 147 210 222 211 88 260 135 50 104 104 53 77 115 135 46 42 67 97 161 81 118 245
PD5950 29 17 5 21 25 16 1 13 42 17 6 25 33 26 6 67 7 16 5 13 5 5 4 5 4 8 2 8 12 9 3 21 40 23 153 31 14 33 93 34 30 22 87 29 36 26 70 29 20 8 5 36 5 11 9 12 4 5 2 7 26 11 4 13 38 22 16 42 19 8 10 18 26 21 18 20 22 24 10 31 19 5 6 7 0 6 6 15 3 2 2 5 5 7 9 21
PD5951 42 45 13 17 24 24 11 20 39 24 8 20 50 49 6 54 11 9 3 20 12 15 10 21 10 4 3 11 32 22 5 53 50 30 231 38 53 43 143 46 49 49 163 36 106 66 104 93 23 27 13 32 8 18 14 12 13 8 12 6 41 16 5 19 57 19 33 49 13 14 21 22 23 15 20 20 40 21 7 24 6 4 7 15 4 5 9 14 2 4 1 7 12 9 13 26
PD5953 27 25 5 16 26 15 5 17 26 17 4 17 29 31 7 24 14 12 0 9 7 14 8 13 8 5 0 10 13 16 4 20 33 22 121 29 32 26 52 30 36 24 87 39 35 40 54 25 14 14 15 25 12 10 14 15 2 7 6 9 29 19 8 30 52 15 26 41 20 9 16 15 33 16 23 23 20 20 14 34 11 8 8 10 6 8 7 15 6 5 6 4 12 9 12 22
PD5956 130 95 11 79 104 76 6 64 90 66 10 64 132 83 25 147 11 13 5 17 20 19 4 17 15 7 4 16 32 21 2 64 80 37 134 68 88 52 101 85 75 62 134 61 128 95 68 121 46 32 48 53 30 44 40 52 18 23 27 35 54 24 14 63 68 18 39 52 23 21 19 21 34 20 15 43 32 19 18 37 14 7 15 9 3 10 13 19 3 4 13 12 7 12 14 28
PD5959 31 23 6 17 17 17 4 6 23 13 6 12 19 25 4 27 15 5 1 17 7 10 1 14 6 9 4 10 32 21 2 53 29 31 117 21 45 51 71 63 33 43 75 35 137 99 50 99 27 30 17 25 12 13 10 11 9 10 12 12 29 13 9 23 67 19 21 55 17 8 17 11 23 9 20 26 29 27 19 39 10 9 5 12 9 9 5 12 5 2 4 8 8 4 12 28
PD5960 51 68 8 40 60 61 8 72 47 45 9 41 74 78 11 49 41 26 4 36 33 30 16 44 17 16 3 18 62 40 3 114 51 30 87 57 61 62 63 81 48 62 95 56 102 81 42 69 37 40 38 36 18 50 43 45 13 15 19 32 40 34 13 55 71 32 45 81 21 36 24 43 33 21 27 49 33 22 13 36 15 8 14 19 6 10 27 21 9 8 13 13 17 13 14 38
PD5961 48 37 4 19 26 17 2 26 47 20 5 27 51 32 10 65 14 9 4 6 5 6 3 8 5 15 4 8 27 17 3 37 36 36 138 22 46 53 86 51 41 51 130 32 159 105 69 131 20 13 12 22 4 8 9 13 7 8 14 9 25 11 8 20 40 10 16 39 21 18 8 17 21 15 15 24 17 25 12 33 8 4 4 6 3 7 7 9 4 3 15 8 10 4 14 22
PD5964 33 20 2 29 20 10 3 14 27 17 6 17 22 17 4 36 16 4 3 12 2 9 2 13 5 3 1 7 24 9 3 34 21 11 43 12 25 19 49 27 19 14 47 19 42 32 36 41 14 10 15 20 3 7 6 13 2 8 8 9 19 6 9 13 30 7 21 23 7 12 10 6 7 6 4 13 11 9 5 15 16 7 9 12 7 5 8 6 4 1 4 7 9 6 11 13
PD6016 20 15 3 7 15 12 2 9 19 11 2 8 28 21 3 21 9 10 4 10 4 8 1 12 0 2 0 8 72 19 4 101 26 17 79 15 34 30 57 26 26 17 55 19 167 53 62 105 10 14 10 17 2 7 5 2 3 7 5 6 13 3 5 20 25 10 22 26 6 7 16 15 10 7 9 17 11 18 8 15 4 2 5 6 2 0 4 9 4 4 1 2 5 3 6 10
PD6041 25 25 3 20 18 9 2 27 23 17 5 21 31 30 4 46 10 7 2 12 10 5 6 9 2 8 2 5 4 8 4 28 37 22 116 16 31 34 64 35 29 37 73 35 53 45 44 53 20 16 14 31 4 7 9 10 7 11 7 6 38 10 4 14 53 22 35 50 12 7 13 11 21 12 12 21 30 18 13 30 10 5 2 6 5 9 7 13 2 4 7 6 11 3 14 18
PD6043 274 242 33 238 244 188 26 246 163 127 21 165 778 342 46 519 168 90 34 185 130 91 28 171 63 74 18 114 2197 558 93 2892 271 113 121 237 212 119 104 279 170 125 92 156 3616 733 298 1687 93 92 74 151 78 150 92 182 56 66 60 104 105 76 48 194 151 84 103 149 59 101 47 112 60 49 53 69 85 92 34 94 51 22 74 48 24 41 68 129 22 22 81 56 53 36 69 126
PD6044 41 36 6 26 27 14 2 14 38 23 5 24 39 27 9 41 17 12 3 16 16 14 4 20 7 8 3 7 31 22 5 69 55 28 167 44 57 53 89 50 37 48 111 29 75 66 70 70 36 31 26 42 10 23 8 19 5 16 14 16 41 11 9 25 68 34 38 60 23 28 24 22 26 32 28 36 40 28 25 31 19 12 7 16 4 7 8 14 5 8 16 7 14 13 10 30
PD6045 30 17 1 16 21 15 3 17 27 10 3 19 37 24 8 48 14 5 1 13 6 2 3 7 5 6 0 5 69 14 1 94 37 23 71 20 31 25 37 33 26 30 49 19 231 66 72 154 19 17 15 31 5 13 9 12 7 11 6 14 17 13 7 17 44 8 31 26 5 9 26 11 21 8 14 24 20 9 10 26 4 3 5 5 5 5 2 8 4 2 7 2 3 6 4 19
PD6046 53 27 6 28 66 32 10 40 48 19 9 36 51 47 8 80 16 16 0 13 15 12 7 15 9 6 3 7 22 17 2 60 56 34 148 40 67 54 96 55 31 38 109 32 93 64 76 66 13 18 12 43 11 19 13 15 7 6 11 13 50 18 8 31 41 16 31 54 23 14 22 22 31 18 10 23 21 17 23 33 7 4 8 11 3 4 10 9 5 2 7 11 3 6 10 18
PD6047 141 90 18 81 108 82 20 108 175 54 20 105 159 108 21 265 58 79 35 74 57 62 40 111 25 35 11 38 96 81 30 200 184 107 356 129 150 125 240 148 176 115 297 138 264 189 149 212 55 40 45 93 28 40 38 49 23 17 35 37 124 36 26 102 151 57 97 172 71 63 77 79 74 46 75 104 109 73 74 115 30 16 36 59 22 19 41 40 10 14 18 27 35 24 49 98
PD6406 79 70 14 58 72 69 16 75 43 33 8 37 76 73 12 90 80 50 34 85 67 43 24 72 36 30 13 52 106 87 17 186 64 33 77 49 47 40 53 68 50 35 47 26 64 39 34 69 33 30 41 57 32 28 56 53 24 14 41 30 57 34 29 69 91 45 51 67 39 45 23 48 46 23 33 37 59 47 28 53 28 15 35 34 17 16 29 47 19 14 28 26 40 34 53 69
PD6409 196 141 23 166 164 131 27 133 150 75 8 97 147 140 12 181 120 61 34 149 96 70 43 115 74 46 12 100 361 149 31 492 119 58 123 120 80 46 69 112 70 51 66 88 195 88 55 134 68 52 56 105 78 79 101 131 33 32 39 76 97 81 46 164 113 57 82 123 51 83 62 75 42 45 41 58 70 80 37 87 40 20 77 57 25 28 58 68 14 14 40 46 66 30 76 113
PD6410 95 96 17 86 123 126 19 125 55 59 4 58 83 104 8 103 106 51 18 100 73 58 21 82 51 39 17 80 243 137 28 420 105 54 117 64 83 56 80 122 63 52 85 58 123 70 55 106 44 34 58 67 55 64 58 101 35 20 43 65 64 35 25 117 127 50 97 126 71 83 66 83 56 47 43 62 72 70 37 70 32 18 44 21 33 22 63 38 23 12 34 26 51 22 64 70
PD6411 104 91 17 91 112 81 9 84 44 68 7 56 99 105 12 129 109 41 29 112 59 50 26 120 41 42 20 75 167 121 15 357 87 58 96 98 67 43 62 101 66 55 49 60 131 89 47 113 41 40 72 71 57 71 63 79 31 28 43 42 55 54 31 98 107 38 65 87 67 60 61 72 41 20 34 41 60 53 23 60 41 17 45 48 29 32 60 40 22 10 29 31 46 37 55 78
PD6413 74 55 10 70 61 57 6 70 57 37 6 44 69 62 12 78 54 21 10 64 37 37 12 60 25 20 6 43 190 89 10 266 76 33 80 55 47 35 40 76 51 35 51 34 205 87 42 111 24 22 33 41 31 42 35 58 13 14 31 42 37 37 13 63 53 43 40 56 27 33 31 34 26 15 25 33 36 27 20 43 21 3 35 26 13 18 21 22 7 7 21 15 17 19 27 32
PD6417 19 25 5 21 14 10 2 10 15 11 8 14 21 18 6 24 12 8 5 4 12 9 4 12 10 10 2 8 24 10 4 36 29 24 140 20 26 21 82 25 32 19 88 24 41 31 53 42 20 7 20 17 9 9 9 7 3 4 8 3 17 5 3 10 37 16 22 33 9 11 15 16 18 12 9 12 13 12 9 22 5 8 9 16 3 5 11 11 2 2 26 3 8 8 9 22
PD6418 27 27 6 26 25 18 2 20 20 18 5 15 34 19 5 38 11 8 1 8 15 13 4 7 6 7 3 5 8 12 1 23 37 33 101 34 37 34 66 50 36 38 90 30 38 57 49 72 17 17 23 24 7 10 9 13 8 11 10 8 32 8 7 15 55 20 30 54 18 10 15 15 36 12 22 19 21 22 8 39 6 4 7 10 6 8 8 11 3 5 43 9 9 5 6 22
PD6422 84 99 13 60 88 60 21 92 78 45 20 49 168 87 18 193 46 32 8 42 18 15 8 39 18 29 5 18 83 48 7 145 102 84 184 87 124 107 147 121 98 107 162 108 278 207 145 253 46 45 30 89 23 14 33 31 25 13 25 24 93 14 21 75 102 41 61 105 43 47 49 38 40 26 42 38 68 41 45 99 24 14 14 26 14 7 20 34 5 3 21 14 29 19 25 55
PD6684 158 137 29 123 176 133 34 118 87 83 14 98 220 199 14 198 197 114 41 229 158 119 44 217 85 80 18 170 689 383 39 1037 156 89 144 137 156 106 114 187 125 95 135 96 387 211 86 270 90 55 64 97 81 98 89 123 49 40 56 67 134 70 51 136 175 101 124 178 73 138 97 125 106 80 80 110 141 129 64 141 83 27 54 87 43 64 84 134 44 18 44 58 112 46 68 183
PD6719 128 99 14 105 112 83 9 85 63 63 8 43 83 78 2 103 79 41 8 100 46 50 10 87 31 36 4 61 74 59 7 170 111 57 150 79 76 63 92 95 78 68 120 69 90 85 76 94 53 46 48 73 31 60 49 58 24 26 28 38 48 40 23 85 102 52 69 125 42 50 37 53 43 34 28 48 55 43 22 62 33 10 38 36 11 23 31 20 12 12 30 28 20 22 47 47
PD6720 28 22 7 17 10 17 5 14 21 10 4 13 23 22 6 36 14 14 0 11 7 7 2 16 7 11 3 8 30 12 2 43 43 26 103 20 45 29 69 47 26 36 78 21 79 52 62 46 20 16 15 28 3 10 11 10 4 7 7 7 32 10 3 19 50 12 32 39 13 18 17 22 14 4 11 23 19 14 9 37 12 5 10 9 5 5 6 9 5 5 13 8 10 4 12 33
PD6722 72 56 11 48 64 51 15 57 37 36 8 30 358 228 27 239 55 30 14 59 55 26 14 97 27 23 8 47 1342 317 68 1632 90 35 75 64 95 48 52 71 55 34 45 55 1265 326 141 639 21 20 42 38 23 48 30 47 16 15 20 28 39 19 15 50 50 20 41 65 22 38 31 36 21 21 20 27 28 31 20 48 16 9 27 24 6 10 20 24 3 5 13 16 28 10 14 43
PD6727 78 59 16 44 55 58 15 50 48 36 3 43 86 83 11 131 74 44 28 71 61 47 35 99 36 24 4 44 229 130 19 430 106 47 290 68 102 77 154 83 85 48 191 53 264 157 155 193 30 25 35 58 22 36 34 30 14 17 19 20 64 29 17 58 124 49 76 100 42 37 36 58 53 31 29 59 61 42 41 73 17 20 18 36 23 18 26 34 12 3 14 30 33 15 22 59
PD6729 72 57 14 44 55 57 15 43 37 31 9 32 54 63 6 76 51 32 47 59 48 39 26 51 16 15 22 24 68 48 25 109 94 40 170 70 55 58 115 65 54 52 105 54 74 68 96 76 30 37 29 42 17 33 37 45 19 16 16 30 42 21 14 47 78 34 64 103 40 39 47 56 37 32 29 49 54 34 23 69 17 12 25 18 8 14 25 34 10 5 12 12 22 17 26 48
PD7199 23 23 5 14 14 5 4 6 21 14 5 10 20 17 6 29 6 6 3 5 10 7 5 7 4 5 2 2 9 7 4 15 22 20 84 8 15 25 61 25 20 22 59 20 31 25 34 39 10 17 15 19 6 8 0 2 4 5 9 9 12 6 2 7 24 2 25 16 11 6 9 9 10 6 8 10 11 7 11 19 4 3 0 4 3 4 2 5 3 2 11 7 2 5 3 10
PD7201 28 12 3 19 23 11 2 12 15 13 6 13 23 24 6 36 6 3 2 5 6 6 7 12 3 5 1 8 4 9 6 22 31 21 113 23 28 28 57 36 34 29 73 30 73 53 44 51 12 16 18 14 10 9 5 8 7 14 8 4 14 13 4 12 43 13 28 38 11 15 14 11 11 14 6 17 18 8 18 13 7 7 6 9 4 5 7 5 2 4 13 8 9 5 7 11
PD7206 118 83 18 73 65 55 7 68 58 49 12 46 101 94 13 105 45 33 5 43 31 18 6 36 18 27 7 22 52 60 4 117 89 76 200 50 82 74 112 83 74 63 139 64 113 117 60 110 44 37 36 81 22 32 33 35 25 19 15 18 57 37 23 57 99 35 44 86 46 40 34 38 59 28 27 66 68 54 34 91 22 16 18 29 7 11 24 29 9 9 59 13 18 14 20 51
PD7207 37 25 6 23 24 14 2 16 24 16 5 11 32 43 5 35 7 15 3 15 2 9 9 14 4 5 2 9 11 13 6 28 74 43 163 41 77 50 113 71 49 51 161 40 179 134 84 151 15 15 19 35 10 10 10 12 4 8 7 5 22 6 8 18 39 22 35 49 12 17 22 18 14 19 11 29 27 21 15 30 7 10 9 8 5 10 5 14 1 2 12 10 7 4 9 20
PD7209 33 23 5 17 19 9 5 13 37 15 6 15 29 23 8 43 9 8 2 7 8 5 3 11 4 8 0 5 14 7 1 25 38 26 129 21 35 37 64 35 24 19 88 32 70 47 71 52 12 19 10 20 4 8 5 4 11 3 6 8 11 3 5 11 34 10 14 22 9 14 4 11 11 11 7 14 22 12 19 18 4 5 1 5 4 6 6 12 1 5 8 4 3 3 7 13
PD7210 26 17 4 22 12 8 6 20 15 4 2 12 28 23 4 24 11 4 2 6 8 5 1 5 0 3 0 7 5 8 1 4 29 17 97 24 16 27 54 24 17 29 61 25 29 31 38 38 13 12 7 16 2 6 4 10 2 3 6 5 26 8 4 18 26 16 17 34 12 14 12 8 8 7 4 21 16 7 11 23 4 5 2 3 1 1 7 5 2 2 4 3 0 6 7 7
PD7211 164 135 14 122 160 127 25 102 79 75 9 85 136 100 9 150 114 56 21 112 67 58 27 125 52 29 12 83 166 105 20 278 144 71 164 114 111 80 95 107 121 89 116 91 141 115 65 130 65 50 58 95 57 85 62 104 35 34 59 73 92 64 41 130 128 58 72 120 56 71 57 83 66 44 39 54 73 57 30 65 40 10 48 58 33 36 56 61 24 13 37 31 50 31 60 94
PD7214 21 17 5 20 17 14 1 9 25 7 2 11 20 20 6 26 10 5 3 8 7 4 2 8 5 7 3 5 14 8 3 25 32 27 80 27 39 34 61 38 36 49 57 27 112 51 48 96 16 20 15 20 9 4 3 7 1 7 7 6 14 7 4 16 49 12 26 45 14 11 10 12 27 14 9 23 18 13 15 25 8 5 5 11 0 6 8 12 1 2 7 2 5 9 10 18
PD7215 111 104 10 80 81 79 8 79 55 67 6 50 126 79 13 92 50 41 15 47 46 45 7 43 32 32 4 36 393 130 20 485 118 62 129 59 67 74 73 101 93 80 90 65 604 195 110 326 34 56 39 81 26 42 39 52 27 23 28 40 46 40 23 92 84 39 71 85 32 49 34 41 39 32 29 46 42 44 26 59 19 9 27 20 10 16 31 32 8 9 50 14 28 13 27 54
PD7217 139 124 21 115 124 114 30 80 74 96 13 85 129 118 16 141 113 59 60 101 84 92 46 120 46 50 17 63 408 180 25 479 110 53 156 88 82 65 107 121 85 73 108 75 445 149 97 234 53 42 63 81 41 71 65 90 34 39 42 65 73 50 47 102 151 57 126 163 54 65 60 95 66 44 52 93 80 67 51 85 49 22 37 46 38 26 49 102 26 25 40 37 55 28 58 112
PD7218 34 22 6 20 26 6 3 18 42 13 7 26 27 29 5 28 0 5 1 8 6 1 3 7 1 3 5 2 6 9 0 15 22 13 97 18 33 21 64 30 30 36 77 21 39 27 50 30 8 15 14 13 9 2 4 7 5 3 3 4 17 6 4 13 34 13 19 28 8 7 8 13 13 7 12 12 13 12 7 17 5 4 4 3 1 3 4 11 3 0 10 5 7 1 5 16
PD7219 36 25 4 28 32 23 4 19 30 16 7 14 430 187 35 205 37 17 5 30 38 12 7 41 11 14 2 20 1834 332 91 2212 75 31 86 44 112 44 85 90 62 41 73 52 2567 452 302 1225 26 19 15 34 9 14 16 4 7 6 8 11 25 16 10 21 55 8 21 43 17 17 18 17 26 14 17 24 32 24 19 30 8 6 8 9 7 5 10 6 6 3 25 4 16 7 11 19
PD7221 33 16 3 14 11 10 4 10 15 8 5 8 23 19 8 27 16 8 3 7 7 4 2 9 3 8 2 2 67 19 3 92 43 23 121 27 32 34 75 37 19 29 75 20 170 65 73 133 16 16 19 22 8 13 6 11 8 4 4 4 6 3 5 20 31 11 22 35 13 9 13 16 20 10 11 17 12 11 7 21 6 1 2 8 1 3 5 4 0 3 4 2 4 5 6 14
PD7238 22 19 2 16 23 10 3 10 19 19 8 13 35 19 4 25 11 8 3 13 7 9 5 7 5 3 3 6 19 20 2 31 43 35 116 20 42 35 71 50 42 39 78 25 143 58 76 110 10 20 12 26 6 13 10 5 8 12 6 9 30 7 4 15 25 11 26 35 14 8 18 20 14 11 11 24 13 16 16 26 6 7 3 7 3 5 4 7 0 4 5 2 8 7 4 16
PD7240 57 45 8 34 42 35 7 40 38 25 6 32 82 50 8 87 61 42 7 46 33 26 7 49 38 29 5 29 81 52 7 123 78 48 226 49 66 54 119 53 77 51 169 80 104 79 80 91 50 33 36 68 16 23 28 31 8 17 15 19 62 32 14 34 103 28 45 71 31 59 35 44 43 61 42 55 49 77 36 59 35 13 16 29 10 16 13 35 11 16 14 25 45 28 22 61
PD7243 120 80 16 84 126 56 23 96 134 59 18 99 155 136 20 188 45 26 7 39 36 27 15 33 18 21 8 25 101 60 9 152 108 69 208 84 117 97 151 112 94 77 160 75 288 163 113 189 53 52 46 113 26 29 38 47 19 24 24 33 78 20 35 82 111 32 63 77 47 34 35 47 39 27 34 43 56 32 34 51 14 13 16 39 15 23 16 47 8 1 13 22 24 18 31 47
PD7304 34 25 3 20 28 21 8 14 18 14 5 18 22 27 5 40 14 10 3 9 11 9 15 12 6 6 3 6 26 15 10 49 27 20 91 26 23 28 43 28 34 21 56 32 83 36 43 60 14 17 17 40 8 9 7 11 4 7 8 13 23 16 3 14 33 14 15 27 6 8 21 9 20 11 13 14 23 15 14 18 11 1 6 10 2 10 5 21 0 2 3 4 13 7 2 24
PD7322 41 22 3 18 23 15 5 19 56 22 9 34 60 36 10 68 14 9 2 11 4 6 3 15 1 9 1 5 14 10 3 16 29 20 112 25 26 22 79 30 33 31 91 18 31 30 46 44 23 12 12 25 6 3 4 2 6 9 5 11 20 8 10 14 35 10 18 32 9 7 9 16 14 12 11 17 18 16 16 22 11 8 6 7 4 5 8 15 3 0 4 6 4 4 3 22
PD8609 36 33 9 10 18 15 1 14 16 22 5 22 96 46 9 45 19 11 1 16 12 10 4 22 12 11 1 7 350 81 15 359 66 24 99 41 65 42 99 54 49 36 85 33 911 184 193 460 23 16 19 23 10 16 7 13 12 9 8 12 29 14 16 26 35 18 19 46 14 9 12 16 20 17 11 34 28 19 11 31 10 3 6 17 6 11 6 19 1 2 5 4 11 12 17 16
PD8610 80 78 13 69 75 83 11 79 48 59 16 42 105 75 10 118 55 42 9 56 40 38 10 74 28 37 4 43 158 93 12 235 94 47 59 58 64 40 56 90 57 49 70 46 168 92 45 108 41 40 52 61 38 58 48 37 22 12 31 39 59 36 24 68 67 39 63 63 28 39 40 37 39 19 29 48 35 37 20 48 26 8 24 24 12 23 43 46 6 10 19 25 25 20 30 52
PD8611 80 69 19 71 84 78 15 71 51 37 13 34 83 73 13 80 109 54 27 91 86 64 39 100 45 56 22 99 263 154 25 407 94 59 104 79 64 67 67 79 63 50 59 61 164 88 63 82 50 41 49 59 34 52 60 62 22 24 24 38 52 38 28 74 123 60 86 114 67 56 58 96 63 33 45 79 92 53 47 82 36 9 42 37 22 25 28 57 18 12 30 23 46 32 50 65
PD8612 22 37 2 8 21 23 8 24 25 17 4 21 21 22 2 33 14 6 2 10 7 3 4 10 2 5 2 5 22 11 4 54 30 12 132 23 34 33 60 30 26 26 89 25 108 44 70 58 10 21 19 27 7 15 12 12 8 6 9 7 38 3 6 26 24 6 22 20 13 14 15 16 18 12 9 11 10 12 13 25 7 0 5 5 1 6 4 6 2 0 3 4 4 6 11 11
PD8614 21 18 4 14 18 15 4 12 25 9 1 14 14 18 5 24 9 8 3 10 4 7 2 11 1 7 2 6 7 8 2 23 23 18 55 20 28 31 49 29 20 26 34 24 43 34 45 33 12 10 11 16 2 7 8 6 1 6 4 6 23 11 4 13 22 5 22 35 22 8 17 12 14 5 9 24 10 11 5 25 6 2 8 5 5 4 6 9 0 2 1 0 5 4 3 13
PD8615 36 25 7 26 23 25 2 28 24 12 5 21 67 47 7 65 37 25 10 35 29 18 10 35 9 20 0 20 405 98 17 490 44 31 111 33 55 26 64 48 29 30 77 29 350 84 66 191 13 11 16 19 14 10 13 23 5 10 9 8 43 11 11 25 46 22 26 57 10 14 17 24 22 16 20 30 32 36 21 40 12 3 13 16 2 8 15 19 3 5 6 10 12 3 16 22
PD8617 20 23 9 16 13 10 4 8 23 14 9 11 17 25 9 26 9 7 4 14 4 15 5 10 5 5 3 4 11 10 1 17 27 28 73 23 31 41 49 40 28 22 72 26 41 35 35 41 19 18 24 32 7 14 13 10 10 6 11 15 17 13 9 24 36 13 33 38 15 9 18 19 22 19 18 24 29 17 14 17 4 5 9 6 2 8 11 10 2 1 4 2 8 5 5 28
PD8618 37 20 3 16 17 17 3 14 22 13 8 11 25 24 9 27 8 11 1 8 3 10 3 3 1 10 1 5 13 13 1 31 36 19 92 28 24 37 67 27 25 29 68 30 91 36 49 77 15 9 10 20 6 4 9 4 3 11 3 7 22 5 3 13 54 24 30 56 10 22 12 15 17 10 11 20 23 15 11 16 1 4 5 8 4 3 6 5 1 0 9 2 4 4 6 13
PD8619 56 34 10 32 31 29 11 42 40 30 10 28 77 51 16 68 36 22 11 25 29 28 19 31 16 15 4 19 73 35 10 148 62 40 156 39 49 31 92 68 34 36 103 47 94 66 75 82 22 15 20 42 16 12 23 18 13 5 9 12 53 20 13 42 61 29 38 54 19 19 24 22 28 12 19 28 45 20 24 39 15 5 19 17 18 15 26 25 6 3 11 12 18 19 21 53
PD8620 19 15 1 8 11 10 6 12 13 10 2 9 58 41 7 43 10 6 2 10 7 6 5 8 8 6 0 12 251 53 12 336 29 23 65 13 34 24 30 33 18 23 45 14 345 76 65 186 8 13 12 13 4 5 0 5 4 5 5 6 20 2 4 9 27 9 18 14 8 7 9 9 14 10 9 17 9 5 4 29 3 2 3 6 4 1 5 10 2 1 3 2 6 2 2 14
PD8621 111 84 19 101 127 98 13 109 89 59 10 65 95 91 13 118 115 80 34 115 79 76 29 122 62 53 15 74 193 133 18 308 120 57 141 89 97 69 72 118 85 62 104 82 143 92 59 111 57 44 57 65 49 59 68 128 29 17 51 62 76 47 34 124 117 75 102 118 74 88 47 81 61 59 62 93 65 83 42 88 43 13 40 66 30 32 42 60 17 16 24 36 56 35 48 106
PD8622 30 13 3 15 27 16 4 23 26 14 5 12 27 28 5 31 9 16 2 13 13 8 6 17 10 5 2 8 22 13 1 34 42 22 88 21 37 33 41 40 32 21 58 22 62 37 29 42 22 22 14 27 7 12 5 11 6 6 7 10 12 12 16 24 40 23 23 38 15 13 17 15 24 16 9 13 23 24 17 31 9 9 4 6 4 7 7 12 1 3 8 8 13 4 9 20
PD8623 33 23 5 21 34 23 10 29 17 20 4 17 39 27 7 39 11 21 2 13 10 12 5 20 9 3 1 6 22 22 1 34 45 32 97 36 52 42 84 44 38 31 77 37 268 95 76 178 25 16 25 36 7 10 12 12 5 10 8 7 33 13 8 19 58 11 32 52 16 19 14 26 15 14 8 23 26 22 15 35 13 7 9 19 4 8 13 17 2 6 17 5 9 10 10 27
PD8652 235 201 24 203 209 177 32 209 162 136 22 144 230 187 25 291 227 118 51 238 165 162 66 241 120 102 38 184 502 294 44 773 226 113 253 174 151 103 187 207 134 116 195 133 337 227 112 314 110 101 87 153 109 113 131 180 66 68 91 100 127 97 61 189 257 133 169 274 103 146 112 147 128 90 93 138 144 126 81 173 74 34 89 88 55 64 100 136 51 42 67 80 104 71 121 185
PD8828 15 16 2 9 13 7 4 4 19 4 2 7 24 15 4 26 18 9 2 12 11 8 2 10 4 6 0 6 96 38 6 126 37 15 92 22 31 27 62 22 19 26 57 20 172 62 45 109 14 11 7 16 7 3 6 6 3 5 3 3 21 6 7 11 41 11 17 39 11 2 13 9 13 10 9 13 17 13 11 23 6 4 9 8 3 3 3 7 1 1 4 2 10 6 4 16
PD8830 162 115 22 101 112 127 33 119 99 98 21 91 108 116 22 155 128 70 53 110 78 87 49 81 62 32 22 83 113 96 25 208 139 63 280 122 91 89 142 112 99 83 183 88 132 99 124 122 75 44 59 79 45 60 73 71 32 37 31 48 97 67 42 120 129 58 83 142 62 73 54 70 70 37 52 73 75 74 49 95 28 20 44 45 24 37 56 54 24 12 27 35 55 30 66 107
PD8832 366 402 63 360 386 388 64 428 293 252 42 282 297 306 51 425 422 229 116 438 266 240 111 393 166 165 48 308 471 326 55 809 379 196 315 379 277 242 228 453 294 207 264 242 388 265 142 375 176 149 193 332 176 241 269 456 90 119 146 227 258 156 146 433 372 199 261 383 156 270 191 300 177 142 151 183 229 199 114 288 148 70 158 157 110 124 204 221 91 45 105 154 182 100 168 300
PD8964 165 149 22 162 204 134 22 140 137 117 10 112 144 150 21 202 165 78 27 158 121 116 40 158 65 75 9 123 275 194 21 441 148 78 164 165 121 81 111 173 112 104 141 111 247 155 84 183 57 57 79 113 63 89 114 139 60 39 48 90 99 75 56 121 157 92 140 201 75 129 98 121 83 51 77 114 90 103 52 124 54 20 53 46 40 52 78 91 32 18 53 64 44 34 91 111
PD8965 61 52 13 44 50 43 8 48 40 37 6 23 88 58 6 102 28 21 4 37 18 21 7 28 11 15 3 18 116 57 9 175 60 42 93 46 56 56 69 64 39 42 91 47 243 96 60 154 20 18 30 46 19 28 20 41 11 16 23 25 44 25 23 66 54 28 39 75 24 25 44 34 32 14 29 44 71 37 43 60 27 10 14 26 7 11 16 23 7 5 8 12 21 18 18 44
PD8969 89 75 14 69 96 81 14 91 67 58 9 67 138 125 14 155 77 42 14 81 64 61 20 83 32 34 13 53 229 159 13 422 82 65 123 92 99 74 80 113 82 72 111 70 270 161 62 214 40 41 45 75 41 53 49 56 11 22 26 37 65 34 34 75 107 43 69 101 43 39 51 46 60 25 44 61 53 45 30 68 20 19 31 32 15 17 40 40 17 3 17 23 20 27 24 66
PD8973 28 30 10 21 17 13 3 16 17 18 3 14 114 64 10 123 15 11 2 27 21 8 4 21 6 6 1 15 610 91 20 841 45 21 156 44 57 34 83 51 55 34 107 38 769 168 180 411 17 23 20 32 9 11 18 17 8 8 2 10 29 12 3 32 49 21 36 47 15 11 27 20 31 18 20 30 22 17 11 32 7 6 8 10 2 9 6 13 2 2 7 8 13 6 14 18
PD8977 33 46 9 28 38 21 8 33 41 22 13 29 49 45 13 58 16 19 4 23 13 10 2 18 14 11 2 15 25 17 5 55 64 41 311 31 50 60 197 60 53 45 241 42 95 88 121 87 30 28 29 55 11 14 11 20 6 10 10 14 78 14 16 35 79 26 51 68 26 25 26 26 42 21 25 34 50 51 17 41 13 8 11 13 14 10 13 19 3 5 7 10 17 9 20 35
PD8978 136 68 15 65 84 63 8 61 49 45 7 44 90 85 9 100 69 61 15 89 55 52 5 84 48 51 3 66 145 105 7 283 81 38 168 110 67 70 106 82 72 70 145 49 133 113 84 133 55 43 51 66 36 52 60 51 27 25 38 37 85 41 35 83 116 52 79 120 52 62 59 81 57 35 35 53 73 65 40 87 42 26 44 43 34 41 44 65 15 7 37 34 63 47 60 114
PD8979 51 45 8 28 41 24 9 34 40 31 8 28 54 45 12 70 29 13 7 31 22 17 11 29 11 11 1 21 51 35 6 119 86 50 180 61 72 79 92 64 45 63 101 62 170 102 80 116 21 34 27 38 10 23 15 28 15 16 5 13 59 20 20 43 80 22 56 71 18 20 43 31 25 22 19 18 34 30 29 47 19 12 12 30 16 13 23 47 13 3 9 21 61 17 18 57
PD8980 310 294 37 237 237 232 33 222 169 178 22 157 303 275 36 360 144 92 46 161 142 115 43 186 83 60 32 108 418 212 32 660 204 129 229 217 204 230 148 303 148 138 188 121 541 285 105 398 110 106 127 156 105 178 143 179 64 85 84 130 136 117 79 185 188 81 149 217 96 124 142 169 80 49 67 103 92 98 78 135 42 29 97 61 36 51 92 116 43 25 79 53 66 57 108 128
PD8981 25 32 3 13 17 16 5 16 22 14 3 10 26 19 6 41 9 9 2 9 8 5 3 16 2 5 2 4 21 14 3 51 28 14 97 12 33 21 50 26 26 26 54 27 60 48 28 66 14 15 7 19 4 13 7 5 1 5 7 9 30 5 7 12 30 13 13 22 7 6 15 10 11 12 11 11 12 12 12 16 5 3 6 5 1 6 3 14 2 4 1 2 7 7 7 15
PD8982 234 217 41 199 236 198 64 233 139 145 32 138 454 442 47 490 281 167 91 317 207 161 91 334 125 95 29 176 1240 715 64 2429 279 139 271 198 246 148 174 260 194 141 210 147 974 499 171 702 106 74 93 172 81 116 101 125 52 46 67 104 191 81 72 167 261 107 175 211 123 96 115 142 124 68 78 130 155 125 105 160 73 42 85 97 63 50 98 152 33 25 55 73 114 69 119 194
PD8984 131 127 29 88 118 119 26 105 71 77 10 73 119 142 9 145 164 66 30 154 124 85 37 179 76 61 14 99 306 193 23 542 146 68 162 91 104 65 125 103 143 81 108 103 212 137 77 210 60 35 57 80 52 77 81 92 24 27 45 50 91 49 28 93 124 52 109 132 85 57 62 81 57 36 40 53 73 42 37 76 49 21 61 60 57 41 69 78 19 19 36 43 66 33 49 95
PD8999 17 15 4 13 8 12 3 9 7 11 1 14 18 15 6 30 3 5 2 6 5 6 0 8 0 5 2 2 9 6 0 12 28 18 76 21 19 23 44 29 19 17 52 12 32 26 38 40 9 11 18 26 5 8 4 2 1 2 8 3 18 5 1 9 19 10 23 26 7 2 16 19 10 12 9 18 16 12 12 18 5 2 3 6 2 4 2 11 0 2 4 2 3 4 10 12
PD9000 226 172 26 157 154 162 20 154 138 77 18 120 185 163 24 222 118 80 21 113 80 80 26 143 59 56 15 106 263 192 18 423 138 80 145 159 125 116 92 172 103 89 103 109 317 201 90 290 98 72 91 107 70 102 78 108 44 38 68 93 107 57 41 149 161 84 92 157 69 103 79 136 62 38 52 80 91 90 54 87 43 29 61 53 27 44 65 71 35 26 86 46 45 44 62 107
PD9001 40 29 11 22 19 25 13 17 42 21 12 21 40 48 12 34 11 14 6 19 8 14 4 16 8 5 4 6 16 15 3 30 49 38 123 44 56 60 84 52 57 39 117 31 67 60 76 72 31 32 30 40 9 19 15 17 10 5 11 10 23 19 12 25 90 28 50 59 26 24 20 20 28 17 20 40 47 30 37 46 17 9 6 15 7 5 11 12 5 9 12 11 11 6 11 29
PD9002 147 114 8 104 153 91 24 170 119 67 14 102 146 130 23 262 65 55 19 64 48 45 11 55 28 43 7 43 100 71 17 187 145 84 189 110 139 101 112 127 108 75 150 93 232 159 113 202 75 40 47 132 41 50 31 74 32 31 31 44 127 32 43 100 171 72 119 175 76 84 85 127 111 60 84 94 90 84 65 142 49 16 35 61 23 28 42 131 20 19 74 45 38 28 53 117
PD9004 138 139 23 113 152 145 30 154 69 114 13 67 161 138 18 205 129 84 43 150 105 91 41 155 76 75 16 104 393 195 40 595 136 77 127 132 125 224 93 239 106 78 104 86 320 159 80 260 64 53 70 84 75 93 94 110 35 42 50 59 107 66 41 138 156 75 89 133 78 112 88 116 70 49 58 77 93 91 44 108 42 22 60 52 38 37 67 73 32 21 47 50 50 48 71 111
PD9063 50 40 4 30 72 41 6 46 26 30 16 25 1304 538 77 651 85 31 6 104 107 26 6 123 28 15 3 65 5860 1206 191 7805 265 83 192 104 527 140 216 262 256 105 154 121 13473 2517 1466 6293 22 27 26 39 7 15 12 15 9 12 7 13 32 22 4 26 51 13 29 51 17 17 20 20 27 12 11 30 27 20 15 41 13 2 9 17 6 6 8 10 5 3 5 10 14 6 8 23
PD9065 54 24 6 23 46 16 5 23 78 10 10 44 64 38 10 109 9 10 1 2 5 4 2 6 6 8 0 6 12 9 1 26 26 17 109 21 33 28 65 35 22 31 54 27 120 47 57 100 17 17 10 22 1 2 12 11 6 5 3 8 23 5 4 16 32 14 23 30 12 10 13 9 10 7 15 21 12 12 10 24 5 3 6 4 2 6 5 8 0 1 0 4 3 5 8 14
PD9067 14 15 5 11 14 11 1 8 19 9 4 15 21 19 3 22 13 4 3 8 2 8 5 7 5 9 0 3 30 15 2 47 21 18 75 27 15 21 51 23 15 21 45 22 81 42 54 61 22 6 9 13 5 8 4 6 2 5 4 7 25 8 4 15 14 5 19 17 10 8 12 6 15 9 9 17 16 13 15 16 3 6 3 4 3 5 5 8 2 1 3 2 7 3 11 7
PD9193 24 22 2 12 21 11 3 19 43 21 4 14 26 31 2 50 22 19 1 18 5 9 5 18 12 6 2 6 46 21 2 61 27 14 73 12 20 25 48 30 31 21 39 21 42 28 38 44 15 10 10 29 3 8 4 9 7 8 7 9 20 3 3 10 22 8 18 24 6 6 10 7 8 8 4 11 21 11 7 12 6 2 5 5 3 5 5 6 3 3 1 4 8 4 4 14
PD9464 99 82 11 60 77 47 9 60 94 50 12 63 92 90 17 140 39 26 8 25 29 37 12 35 13 17 3 31 107 58 10 194 105 52 148 77 99 89 112 92 81 68 100 71 255 140 77 176 32 48 37 61 26 39 33 45 17 17 27 23 53 24 16 53 78 23 49 71 27 24 37 38 25 26 25 39 42 37 28 59 14 12 12 14 9 14 16 30 6 4 12 16 16 14 24 39
PD9539 54 52 4 32 35 32 2 28 45 32 7 26 53 51 17 63 16 17 2 21 13 11 8 22 6 6 1 10 50 26 2 76 41 30 340 46 44 41 182 70 43 44 227 51 88 85 146 72 25 38 32 37 7 17 11 16 11 16 12 17 32 15 13 34 43 25 47 71 18 18 14 24 27 11 22 19 29 28 13 32 10 7 10 18 8 7 15 13 3 4 7 6 12 7 13 33
PD9541 29 22 2 34 26 19 4 13 37 21 2 23 34 32 14 39 22 14 2 20 9 12 6 11 8 4 3 4 31 11 1 33 36 24 210 33 32 32 124 49 29 36 161 32 124 66 83 86 17 26 18 37 10 10 11 10 5 13 9 10 16 17 9 25 46 9 19 38 17 9 13 14 18 10 14 31 23 22 21 30 6 4 11 9 5 4 2 12 4 3 5 2 8 8 11 13
PD9544 19 19 3 12 14 7 1 7 16 6 2 6 20 19 6 36 4 5 0 4 9 9 2 4 3 5 3 2 14 5 2 13 31 8 77 26 25 19 67 21 26 18 54 23 51 26 29 37 10 11 11 22 4 5 8 10 4 2 7 8 25 5 3 15 30 6 16 23 8 7 13 10 10 8 4 11 19 9 12 16 3 0 1 7 1 2 4 6 1 0 3 7 6 3 4 10
PD9567 83 53 8 47 67 41 14 51 69 29 8 34 86 54 16 97 29 26 5 31 19 20 4 20 8 14 6 18 98 37 13 153 61 45 225 64 64 47 149 85 58 47 119 47 182 92 112 139 38 25 27 47 11 29 18 23 8 12 13 19 61 28 21 45 84 25 44 79 28 17 24 32 33 15 29 40 46 27 18 63 19 12 23 10 10 15 15 30 4 10 23 10 21 10 18 35
PD9568 463 445 86 417 440 401 69 398 235 287 40 255 547 495 58 521 393 237 102 462 318 260 120 432 154 177 37 287 1033 602 77 1893 467 231 445 432 334 255 292 483 334 234 273 300 927 544 209 767 241 202 233 358 204 255 275 437 134 105 152 215 310 196 151 498 442 181 279 452 226 232 174 274 190 139 141 220 296 196 105 266 185 62 181 153 104 137 216 276 87 46 111 134 230 113 168 371
PD9569 42 26 5 18 24 23 9 18 12 15 5 18 36 27 8 40 20 13 6 19 9 13 6 16 7 6 1 11 27 20 5 52 45 17 122 34 32 40 75 41 38 43 82 36 42 47 51 47 20 30 33 33 8 12 10 12 9 11 14 8 26 19 5 18 59 21 29 52 19 17 18 22 26 11 14 27 41 19 19 27 11 5 8 15 5 6 7 17 1 1 13 4 8 6 5 27
PD9570 31 17 5 10 21 9 2 14 13 12 6 10 22 21 6 27 4 8 1 7 3 6 0 6 5 3 2 5 15 16 2 33 33 20 84 11 25 24 55 27 14 21 60 19 122 47 44 88 13 13 8 13 7 9 10 5 3 4 6 7 19 3 4 10 28 6 15 26 5 10 6 11 11 13 10 14 12 12 3 15 2 1 3 6 2 3 3 2 3 2 11 1 1 3 6 6
PD9571 75 43 12 50 36 37 10 43 39 31 12 39 63 48 15 71 65 38 29 52 33 38 30 57 30 25 8 35 68 56 16 141 81 46 138 70 68 44 83 82 50 43 88 53 76 74 64 101 43 29 36 59 30 21 25 34 16 14 15 26 61 31 29 62 93 34 76 81 54 41 56 50 39 26 27 40 67 43 23 72 24 11 31 29 20 22 36 51 15 8 23 18 33 28 33 82
PD9572 44 41 7 32 38 35 8 40 27 14 8 28 124 52 11 80 22 11 5 33 28 14 4 31 12 12 1 17 294 56 9 441 53 44 115 54 64 43 93 63 47 39 97 41 200 103 112 171 21 35 28 40 19 21 16 21 12 4 23 13 52 13 15 33 93 19 53 70 27 20 23 21 34 24 28 33 60 30 19 65 14 4 11 10 9 6 11 16 7 5 15 11 19 8 20 27
PD9573 41 23 5 14 21 8 5 13 23 13 6 13 19 17 5 20 6 6 2 13 8 8 0 7 2 9 3 1 12 12 2 21 38 25 140 27 17 27 59 33 26 37 112 28 34 30 53 42 25 20 23 15 6 7 11 9 9 6 5 8 16 4 6 20 40 10 34 33 13 20 10 12 16 5 12 16 19 12 15 16 2 4 5 8 4 6 12 8 2 2 16 7 6 9 5 12
PD9574 33 26 9 27 20 16 1 17 26 13 2 15 25 15 5 27 7 8 4 14 6 8 5 14 6 7 1 9 9 5 2 15 28 17 104 18 24 24 78 39 28 26 74 29 43 40 51 28 14 23 25 19 5 10 7 14 10 12 9 7 11 8 5 14 42 14 18 38 8 13 9 16 8 4 11 18 22 15 8 26 3 2 7 9 4 3 9 9 3 2 9 9 7 10 5 11
PD9577 35 27 4 24 25 20 7 17 11 16 3 14 30 20 2 31 12 12 2 13 6 8 7 13 6 7 2 5 13 10 2 23 52 33 85 31 29 38 60 48 26 21 63 32 41 51 53 47 29 14 21 26 8 13 9 12 9 10 10 13 18 6 6 23 48 23 32 37 10 20 15 22 23 12 11 27 17 10 16 47 8 2 3 8 3 4 3 7 3 5 29 5 3 4 7 16
PD9578 13 7 3 9 10 5 0 5 18 15 4 8 8 12 3 22 8 4 2 12 1 1 5 12 3 6 0 1 5 6 0 11 25 18 46 19 15 10 36 20 19 16 39 15 26 22 28 11 12 9 5 16 4 5 3 5 2 4 5 4 26 1 1 11 21 6 20 28 4 8 8 10 9 8 8 11 9 6 18 14 0 5 4 7 4 2 2 9 1 1 0 5 7 4 7 13
PD9582 48 32 7 17 34 31 7 32 33 18 6 23 49 50 4 44 16 15 4 21 8 11 7 33 12 10 3 14 45 40 5 82 33 20 168 24 40 33 93 43 34 38 120 21 96 79 53 70 26 11 16 27 6 16 9 26 4 3 17 20 36 10 10 30 35 15 14 25 11 9 10 18 18 10 8 17 16 17 4 17 10 4 2 15 8 3 13 20 2 0 8 9 13 5 11 32
PD9589 28 21 5 10 24 11 3 16 24 12 4 11 24 18 4 29 2 2 4 8 8 5 5 3 4 8 2 5 14 7 4 21 34 12 78 11 24 24 46 38 24 18 47 22 82 39 42 46 19 15 10 7 6 13 7 5 8 10 5 8 16 6 4 11 26 11 23 29 13 10 12 10 14 12 5 10 9 13 6 18 4 2 6 10 3 4 6 9 2 3 22 6 6 5 6 17
PD9591 15 13 3 8 10 6 2 7 18 11 1 6 17 20 4 16 6 5 1 7 7 8 6 8 1 4 1 6 7 8 2 12 22 8 73 16 20 25 41 23 23 17 51 20 37 21 31 28 8 7 12 22 3 11 8 5 7 11 5 4 17 9 5 15 25 8 19 28 7 13 9 8 11 7 8 18 12 12 9 14 4 6 1 9 1 1 5 6 1 3 2 3 3 5 5 11
PD9592 149 109 18 143 113 112 12 127 74 86 9 86 131 107 14 124 158 83 26 168 97 66 24 133 65 59 12 116 193 115 24 352 132 60 142 129 100 62 96 130 107 71 94 78 137 84 55 103 65 48 59 87 67 84 84 121 37 31 42 69 80 50 38 131 132 57 66 106 58 98 54 94 53 35 50 49 96 96 50 98 40 20 47 73 19 41 76 76 20 14 39 38 49 47 65 91
PD9593 23 23 3 14 22 14 3 15 20 14 4 11 24 29 6 39 8 11 0 11 6 7 8 10 2 7 2 3 9 12 2 27 31 18 77 21 29 29 48 21 29 29 61 21 38 42 37 23 14 15 11 14 3 6 7 8 3 4 4 4 18 5 9 16 21 9 30 39 13 5 31 9 23 7 20 13 22 10 13 20 2 4 4 3 3 5 1 4 1 1 3 1 2 8 5 12
PD9595 164 144 26 150 141 133 30 151 119 99 21 109 146 117 11 155 128 76 32 138 90 71 37 114 64 49 8 84 149 110 23 242 164 82 179 163 101 93 133 154 102 98 177 113 161 118 87 141 78 54 71 110 50 86 72 131 38 48 48 92 85 54 38 131 134 86 100 164 50 97 67 82 77 115 59 68 90 100 40 92 55 9 58 56 37 38 62 86 24 37 56 93 77 39 67 115
PD9599 47 33 5 26 42 27 9 19 49 26 8 25 75 49 7 75 15 14 10 14 7 10 9 14 5 10 4 11 109 41 7 143 56 51 234 46 63 53 127 77 41 53 153 60 214 119 115 136 21 28 18 44 3 10 12 7 1 11 15 13 38 16 10 36 84 24 36 81 20 34 27 32 40 34 26 47 36 35 21 56 8 7 8 14 7 9 15 23 6 3 20 20 14 12 14 37
PD9600 33 32 10 18 24 15 4 19 21 12 5 12 32 26 6 24 13 13 2 18 15 11 6 15 3 5 2 7 16 9 1 28 25 23 103 17 26 23 61 38 40 18 72 29 33 44 39 43 14 15 16 26 12 11 12 9 8 6 13 10 58 16 9 25 37 4 16 44 23 17 15 15 17 11 11 18 27 23 13 25 6 2 3 8 7 7 6 12 7 1 4 8 6 5 9 19
PD9604 50 43 12 29 45 69 28 143 23 22 10 35 45 40 11 75 29 24 16 35 19 20 20 26 12 19 7 27 87 42 11 131 139 76 384 79 78 71 225 87 114 185 358 125 130 116 149 137 59 62 17 159 22 29 23 31 17 30 22 35 97 23 11 88 471 132 385 209 318 120 424 235 801 190 385 481 383 168 167 317 13 16 25 34 16 39 57 61 7 8 12 30 16 15 34 75
PD9605 72 44 11 33 50 26 8 39 72 30 14 49 62 53 9 109 13 13 10 18 14 14 8 26 11 11 5 13 28 27 5 65 64 47 144 36 57 67 112 52 35 53 131 48 92 82 83 92 32 26 24 41 13 15 15 19 18 11 14 18 52 12 19 46 69 26 36 66 15 26 19 28 28 17 24 30 33 28 10 46 14 11 7 11 1 6 9 18 7 5 26 9 13 6 12 37
PD9606 22 11 0 8 7 21 3 9 21 9 4 10 10 16 4 17 8 7 3 3 4 11 1 7 4 1 2 1 7 5 1 12 27 17 86 11 17 16 38 33 20 28 59 11 24 27 25 27 10 2 3 17 4 2 5 7 4 2 6 4 9 5 2 13 28 9 18 24 7 6 9 11 13 11 11 12 12 5 8 17 3 2 5 4 0 4 2 6 4 2 1 5 7 5 3 10
PD9694 27 11 7 11 19 16 4 16 28 10 4 15 21 26 7 34 6 12 4 12 4 4 4 8 1 7 0 10 11 9 3 29 37 23 136 21 37 25 73 32 27 27 93 24 26 27 45 36 15 15 18 13 9 8 5 7 3 4 1 9 12 5 8 10 19 13 16 17 12 9 5 10 12 11 14 10 13 13 13 17 4 3 3 5 2 0 9 7 6 0 2 2 3 5 3 14
PD9752 62 46 8 20 37 16 7 28 31 23 6 25 46 62 9 63 16 18 2 11 12 10 4 24 5 8 2 11 88 35 5 158 53 41 181 39 57 39 119 56 59 46 138 48 182 84 82 120 22 29 19 29 12 13 12 21 6 10 6 23 43 17 8 30 59 17 23 44 20 15 16 16 21 11 15 28 16 25 18 31 12 2 14 11 4 5 8 10 3 4 2 10 12 8 15 23
PD9754 36 29 4 19 23 13 2 10 30 22 2 9 33 22 6 40 13 3 5 9 3 10 6 14 3 7 1 5 14 12 3 26 24 24 116 23 38 25 71 30 32 26 93 23 47 38 46 33 19 27 21 29 5 14 10 9 4 17 7 9 21 12 7 20 33 10 32 35 12 15 12 14 11 11 20 10 14 13 17 32 4 2 7 8 5 6 9 16 1 3 1 6 9 7 6 18
PD9755 26 15 2 12 16 21 2 13 21 11 3 8 17 12 3 21 11 7 4 13 13 6 6 9 5 6 1 4 9 10 0 24 37 30 81 27 43 31 47 43 29 31 81 31 57 51 45 38 16 13 17 15 5 3 9 3 5 4 3 11 8 7 4 16 43 15 21 33 10 7 11 13 19 5 8 8 17 9 10 19 7 8 2 3 4 3 3 6 1 2 2 8 4 6 7 10
PD9756 34 19 6 20 19 16 8 18 22 17 4 18 77 48 8 78 11 12 3 20 11 14 6 21 7 9 4 9 292 68 20 415 34 19 82 28 58 34 81 52 36 26 60 31 608 147 150 340 18 22 19 28 1 13 9 12 5 10 9 9 32 12 5 15 41 9 15 46 19 12 22 18 23 10 14 24 22 26 18 20 6 3 7 12 5 10 8 10 4 2 4 7 9 7 11 23
PD9759 28 20 4 12 12 11 5 11 26 19 4 21 26 30 5 29 11 13 3 18 8 7 4 13 7 3 2 4 9 11 1 33 42 26 119 28 36 44 64 51 30 39 82 26 70 56 54 64 20 14 11 20 5 11 6 9 8 17 5 7 36 10 6 29 44 6 32 44 17 6 9 18 22 11 14 17 22 7 12 20 14 2 3 12 6 7 11 10 2 1 5 5 8 5 9 22
PD9760 60 59 12 48 69 35 9 37 53 28 9 42 71 56 17 75 50 20 8 39 24 21 19 38 10 16 5 18 198 54 11 250 82 38 199 54 68 48 138 69 67 51 126 45 301 127 99 210 29 26 33 29 18 19 27 27 13 7 15 22 31 16 15 40 68 19 54 85 37 19 30 33 36 16 23 33 31 27 30 41 12 5 13 23 9 11 13 24 8 10 9 15 14 14 27 42
PD9761 32 29 6 19 30 16 1 21 42 24 6 22 28 35 9 40 12 8 2 9 12 5 0 13 2 8 0 6 7 11 1 29 34 29 119 22 48 44 75 45 44 33 113 34 76 52 58 50 15 26 20 22 7 13 7 4 6 14 2 4 22 11 5 23 49 10 23 47 8 16 16 10 23 14 6 20 18 7 9 19 3 4 5 10 2 3 7 5 2 2 4 5 4 4 12 22
PD9843 28 29 2 24 25 13 4 13 35 14 4 22 37 29 1 41 16 11 4 14 8 4 4 12 2 5 1 5 5 15 1 17 37 31 74 44 36 39 58 40 32 39 70 37 35 32 29 21 22 21 20 20 8 14 13 8 5 16 11 11 12 12 8 29 44 13 36 42 20 12 20 12 26 4 16 25 17 15 9 32 6 4 7 15 1 5 6 8 1 5 3 8 10 7 11 24
PD9845 36 35 8 21 15 23 3 18 31 21 9 16 26 42 5 41 19 16 3 25 18 10 10 13 10 14 3 12 48 30 4 85 55 38 78 30 55 58 78 60 67 64 63 49 150 90 63 106 23 39 29 38 11 22 20 23 13 13 15 13 32 16 8 32 67 30 39 68 25 18 26 30 29 17 26 40 36 30 15 33 13 7 5 7 11 12 9 12 5 3 0 11 14 10 14 30
PD9847 34 26 7 15 14 18 3 17 27 22 11 20 35 39 5 36 11 14 0 12 10 12 8 18 7 10 3 9 8 18 8 21 41 25 89 21 31 34 48 36 38 37 61 28 42 38 38 24 18 35 25 23 10 19 13 14 6 13 6 17 23 9 11 25 55 30 29 49 18 11 21 13 23 13 13 25 37 20 14 39 15 7 9 5 3 13 8 13 2 4 4 6 8 13 9 29
